10000
512 384
513 384
512 385
513 385
4 511 384
3 514 385
3 515 385
3 514 384
1 513 383
4 511 385
4 510 385
4 509 385
1 510 384
1 515 384
2 512 386
2 511 386
4 512 383
4 508 385
3 516 384
4 507 385
3 514 383
3 515 383
1 510 383
2 507 386
3 516 385
3 517 385
4 506 386
4 505 386
4 509 384
3 518 385
2 505 387
1 513 382
3 517 384
3 519 385
2 516 386
1 507 384
4 509 383
1 517 383
2 517 386
4 504 387
1 512 382
3 514 382
1 515 382
1 511 383
1 513 381
2 518 386
2 513 386
3 520 385
1 509 382
1 515 381
2 509 386
4 512 381
3 519 386
1 515 380
2 515 386
1 517 382
2 505 388
3 521 385
3 520 386
3 521 386
3 522 385
4 508 383
4 503 387
1 505 385
3 506 387
4 511 381
3 523 385
3 507 387
3 518 382
3 518 383
4 510 381
1 512 380
3 516 380
2 516 387
1 505 384
2 510 386
3 517 380
4 507 383
4 511 380
1 505 383
1 511 379
3 518 384
4 504 383
4 510 380
1 513 380
3 517 387
1 515 379
4 509 380
3 519 382
2 513 387
3 524 385
2 513 388
1 513 379
2 507 388
3 514 388
1 509 379
2 506 388
1 508 382
2 510 387
1 510 379
4 507 382
1 517 379
4 508 380
2 504 388
3 519 383
2 516 388
2 519 387
3 519 384
4 507 380
2 519 388
4 504 384
4 503 388
3 520 388
4 506 380
1 505 382
4 502 388
1 509 378
1 520 384
2 516 389
3 522 386
2 520 389
2 518 387
2 519 389
1 518 381
4 504 386
4 503 386
1 512 379
1 521 384
3 520 387
3 525 385
4 508 378
3 523 386
3 518 380
3 522 384
2 522 387
3 521 388
1 503 385
1 519 381
2 517 388
4 515 389
2 522 388
1 508 377
3 510 378
2 509 387
3 511 378
2 515 390
3 519 380
4 507 378
3 523 384
3 518 379
1 512 378
3 526 385
4 514 389
1 514 381
3 513 378
1 514 380
2 510 388
3 520 381
4 506 378
2 521 389
2 502 389
1 512 377
3 527 385
2 526 386
4 514 390
1 518 378
2 510 389
1 514 379
2 506 389
1 510 377
4 505 378
2 517 389
3 528 385
3 520 380
4 502 385
1 522 383
1 514 378
4 508 379
4 502 387
1 508 376
4 501 387
2 502 390
2 503 389
2 505 389
4 507 376
2 501 388
2 503 390
4 507 379
2 509 388
2 524 386
2 502 391
3 523 388
3 527 386
3 529 385
1 525 384
1 503 384
4 509 381
4 501 389
1 528 384
3 513 377
1 501 386
2 505 390
1 522 382
4 506 379
2 510 390
2 508 386
3 514 377
4 505 380
1 528 383
2 528 386
3 516 390
2 506 390
2 517 390
4 504 382
2 509 389
2 517 391
2 510 391
2 513 389
4 501 390
4 500 388
4 504 378
4 503 383
3 522 389
4 503 382
3 524 388
2 502 392
1 520 379
4 501 392
2 521 390
3 529 386
2 505 391
1 528 382
2 514 391
2 520 390
4 501 385
2 505 392
4 504 380
1 522 381
1 504 377
3 506 392
4 500 386
1 509 377
4 499 386
3 525 388
3 523 389
4 502 382
4 501 391
3 521 380
2 500 389
3 529 384
4 502 383
1 528 381
1 504 376
4 503 377
1 505 377
1 502 381
1 520 378
4 499 389
4 500 392
3 522 390
2 506 393
2 522 391
1 503 376
3 526 388
2 499 390
3 507 392
1 501 384
4 500 387
4 499 392
4 502 377
1 503 375
2 508 387
1 507 375
4 501 377
4 500 391
1 505 376
3 507 393
3 530 386
1 518 377
3 508 392
1 517 378
4 502 376
2 518 388
1 506 377
4 501 382
3 523 387
2 500 393
3 521 379
1 515 378
3 529 382
4 498 389
3 531 386
1 501 376
2 505 393
3 523 390
2 513 390
3 521 378
4 503 378
4 499 387
3 522 378
2 505 394
4 500 376
2 513 391
2 528 387
4 500 384
3 506 394
1 524 384
2 507 394
4 504 394
3 523 378
3 522 379
4 501 383
1 529 381
1 531 385
2 507 395
2 504 395
1 514 376
3 524 378
1 527 384
4 503 394
3 529 387
2 499 393
3 524 389
3 508 393
1 504 375
1 528 380
2 521 391
1 503 374
3 509 392
1 521 377
1 506 376
2 528 388
2 516 391
4 499 391
3 509 393
2 519 390
2 499 394
2 522 392
1 513 376
4 502 378
4 503 395
2 502 393
4 502 395
1 528 379
4 500 377
2 516 392
1 502 375
3 504 374
4 497 389
3 529 388
3 525 378
2 528 389
4 498 387
2 505 395
4 499 377
3 529 383
4 501 395
1 506 375
4 500 385
4 500 383
1 523 377
3 526 378
1 529 380
1 514 375
4 499 385
4 503 380
1 530 385
2 520 391
2 498 390
2 513 392
4 505 379
3 524 377
2 497 390
3 515 375
3 529 389
2 520 392
2 508 394
4 498 392
2 525 389
4 498 391
2 521 392
3 530 383
2 521 393
1 520 377
3 524 390
2 503 396
4 499 376
3 530 389
1 499 375
2 531 387
4 501 381
3 529 379
2 516 393
1 526 377
3 530 379
1 511 377
1 529 378
4 498 377
2 515 391
3 527 377
4 500 395
2 509 394
4 498 376
1 527 376
2 530 390
3 516 375
4 499 384
4 498 384
1 499 374
2 519 391
1 527 375
2 523 391
2 515 392
3 504 396
4 498 385
3 510 394
4 497 392
2 528 390
1 498 375
4 499 388
1 526 376
2 519 392
3 532 385
3 532 386
4 498 393
3 511 394
3 530 388
4 496 392
4 504 379
1 503 373
1 530 378
3 522 393
4 499 383
2 500 396
3 531 390
4 497 384
1 527 374
4 496 389
4 497 391
1 502 374
3 533 385
4 503 379
2 501 396
4 498 394
4 497 376
4 500 381
4 502 373
2 500 397
3 524 391
2 517 392
1 527 373
1 533 384
2 521 394
3 501 397
3 502 397
3 528 373
1 503 372
1 529 377
1 519 379
4 502 380
1 530 377
1 532 384
2 499 395
4 496 384
2 524 392
2 499 396
4 501 373
3 531 389
1 504 373
4 496 390
1 510 376
3 531 388
3 529 373
2 497 393
1 520 376
2 530 391
4 502 379
1 506 374
3 528 374
1 518 376
1 533 383
2 506 395
3 532 388
2 506 396
2 524 393
4 498 386
2 508 395
3 504 372
4 496 391
3 533 386
2 508 396
4 501 380
1 516 374
2 500 398
2 496 393
1 528 372
3 534 384
3 530 382
3 509 395
2 522 394
4 501 378
2 521 395
1 498 374
2 524 394
1 534 383
1 516 373
3 531 391
4 497 375
3 534 386
2 523 392
3 501 398
1 501 372
1 496 383
3 502 398
4 499 397
3 530 373
4 497 377
1 527 372
3 531 377
3 535 384
2 512 387
2 531 392
1 503 371
1 526 375
2 504 397
4 500 380
3 535 383
3 504 371
2 519 393
3 536 383
1 504 370
1 529 372
2 525 390
3 532 387
4 496 376
4 498 396
2 503 397
4 495 384
3 522 395
2 528 391
3 528 375
4 500 382
2 511 395
4 495 389
3 530 381
4 495 391
2 524 395
1 497 374
1 512 376
3 532 392
3 531 382
4 495 393
2 497 394
1 516 372
2 527 387
1 528 371
2 522 396
1 532 383
3 537 383
1 534 382
3 532 389
1 501 371
4 500 373
1 501 370
1 532 382
4 494 384
4 495 390
3 529 375
1 525 377
3 525 393
2 510 395
1 514 374
3 503 398
1 506 373
3 523 396
4 496 375
3 538 383
1 526 374
3 532 377
3 531 381
3 525 395
4 493 384
4 497 386
1 532 376
3 530 375
4 497 387
2 520 393
2 520 394
4 500 372
3 533 388
1 530 372
2 526 389
3 526 393
2 494 385
2 511 396
1 495 383
3 527 393
2 529 390
3 534 388
2 535 385
2 518 389
2 496 394
2 505 396
4 498 388
4 494 383
3 533 377
2 510 396
4 495 376
2 527 394
3 524 396
2 502 399
1 533 376
4 496 374
2 524 397
4 500 370
2 524 398
4 494 391
4 499 370
3 503 399
3 534 377
1 510 375
1 516 371
2 524 399
1 521 376
4 497 396
3 526 395
3 534 376
1 525 376
3 531 372
4 498 395
4 499 381
1 493 383
1 531 371
2 514 392
1 501 369
4 498 381
3 525 399
1 531 370
4 497 395
4 499 373
3 535 382
4 495 374
4 494 374
3 536 384
3 525 397
1 536 382
2 498 397
3 533 387
2 536 385
4 501 399
3 532 372
1 497 373
4 497 388
3 535 386
1 534 375
3 537 384
4 499 372
1 516 370
1 503 370
2 511 397
1 502 372
3 533 389
3 535 377
1 507 374
3 536 386
2 504 398
2 513 393
3 532 381
1 503 369
4 493 391
4 496 373
1 514 373
2 493 392
2 531 393
3 529 374
2 512 388
1 520 375
3 532 393
3 535 375
1 499 369
3 536 375
4 495 375
1 497 372
2 493 393
4 497 381
2 502 400
2 501 400
2 509 396
3 534 387
3 527 395
2 521 396
3 535 376
2 533 390
1 531 369
1 534 374
4 500 371
2 521 397
2 502 401
1 526 373
3 531 378
1 532 371
2 527 396
2 510 397
2 524 400
3 533 381
4 498 370
1 516 369
1 518 375
4 497 397
2 524 401
2 496 395
3 533 392
2 493 394
4 492 391
2 517 393
4 499 398
4 492 383
1 533 375
1 524 376
1 518 374
3 531 379
2 497 398
1 501 368
4 501 379
4 495 395
4 494 376
1 515 374
4 496 397
4 500 378
2 513 394
3 532 369
3 525 400
4 498 369
1 506 372
2 538 384
3 525 401
3 533 371
3 502 368
1 509 376
4 496 381
2 498 398
1 521 375
2 516 394
1 509 375
3 535 388
1 520 374
1 508 375
3 534 392
1 535 374
4 494 389
2 496 398
4 499 378
2 496 399
4 492 393
2 533 393
1 502 367
1 513 375
3 536 388
3 539 383
1 515 373
1 509 374
3 533 369
3 536 377
3 537 375
4 495 373
4 499 382
1 504 369
4 496 388
1 512 375
2 519 394
4 500 400
3 534 390
2 505 397
4 494 373
2 497 399
3 526 401
2 519 395
1 497 371
1 521 374
1 509 373
1 520 373
3 530 380
2 503 400
3 525 398
3 534 371
3 539 384
2 536 389
2 495 396
1 516 368
3 537 388
3 538 388
1 527 371
3 537 386
4 492 384
1 534 370
4 492 394
3 533 372
4 494 390
2 495 397
2 518 390
1 497 370
1 519 378
4 491 384
3 538 375
1 513 374
4 496 387
3 539 388
2 514 393
4 496 386
2 515 393
1 503 368
4 493 389
3 534 381
3 532 391
4 493 376
3 537 385
2 534 393
2 513 395
3 533 391
4 490 384
2 524 402
2 511 398
2 539 389
2 491 385
4 492 392
1 524 375
1 532 368
1 526 372
4 497 369
4 495 388
1 536 374
3 527 401
3 526 398
4 493 390
3 537 382
2 490 385
1 514 372
3 538 386
3 503 367
1 529 371
4 494 395
4 493 395
2 521 398
3 537 374
3 504 367
3 535 381
4 492 390
3 531 373
4 494 375
2 536 390
3 535 392
2 492 395
2 534 394
2 524 403
2 512 389
3 532 373
3 537 377
2 501 401
4 495 399
2 500 401
3 538 382
4 491 383
2 511 399
2 493 396
4 500 368
3 535 387
4 499 368
2 512 390
4 523 403
3 525 403
1 509 372
4 496 369
2 498 399
1 507 373
2 503 401
2 498 400
1 512 374
3 534 391
3 526 399
3 538 374
3 534 372
1 538 373
2 501 402
4 500 402
4 492 389
2 525 404
1 524 374
4 491 390
4 493 375
4 493 374
4 501 367
3 536 376
1 501 366
4 491 394
2 512 391
4 491 392
2 529 391
3 535 391
4 500 366
3 539 382
1 538 372
4 492 376
1 502 366
3 538 377
2 500 403
3 540 388
4 496 371
1 490 383
2 510 398
3 537 390
3 540 384
4 490 392
1 523 376
1 515 372
2 519 396
3 541 384
4 495 387
3 533 368
3 527 398
2 531 394
4 494 387
2 500 404
4 492 374
4 500 379
1 529 370
4 495 381
4 495 371
2 538 389
4 496 377
3 528 396
1 538 371
3 540 389
1 528 370
4 490 394
3 527 399
3 539 372
1 509 371
1 513 373
4 491 374
1 521 373
1 523 375
3 528 395
2 509 397
4 494 381
1 491 373
1 503 366
1 505 375
1 508 374
3 539 374
3 526 400
2 537 391
3 526 404
2 506 397
4 489 394
1 508 373
2 517 394
3 540 383
1 498 368
4 499 379
1 499 367
3 532 379
3 528 399
1 534 369
4 491 393
2 527 402
1 499 366
4 499 403
3 529 395
2 514 394
3 538 390
2 522 397
1 502 365
2 504 399
4 498 378
4 498 382
1 526 371
4 499 404
1 534 368
2 532 394
4 498 367
4 497 382
4 492 396
4 489 384
1 499 365
2 541 385
2 536 391
4 497 378
4 493 381
3 538 391
2 527 403
2 538 392
4 494 397
1 521 372
4 490 393
3 535 393
1 528 369
2 503 402
2 494 398
3 532 378
3 535 394
1 535 373
2 519 397
3 536 393
1 525 375
2 491 395
1 538 370
3 540 372
2 499 405
1 531 368
2 539 390
1 506 371
4 491 396
3 539 377
1 501 365
4 497 368
4 498 403
4 494 371
1 498 366
2 527 404
3 541 388
2 506 398
3 533 379
3 528 402
4 490 396
4 497 366
4 493 397
4 490 374
3 504 366
4 499 380
3 529 396
4 491 376
3 539 386
3 529 402
1 496 368
2 491 397
1 508 372
3 530 402
3 526 397
1 511 376
4 494 399
4 490 373
3 539 370
3 533 378
3 539 391
4 498 404
3 541 389
2 522 398
2 522 399
1 499 364
4 496 370
2 541 390
1 496 367
3 530 396
4 493 399
1 528 368
3 534 378
2 498 405
1 490 372
2 506 399
4 492 399
1 534 367
4 497 400
3 542 385
4 495 368
2 521 399
4 489 372
3 542 389
2 496 400
3 537 376
4 492 381
1 523 374
2 492 400
1 490 371
4 490 390
2 542 390
3 540 370
3 500 405
4 490 395
3 539 375
1 507 372
3 527 397
3 543 385
1 519 377
4 489 374
2 522 400
2 542 391
2 513 396
3 528 401
3 540 386
2 529 403
3 536 387
2 514 395
3 501 405
2 527 405
1 525 374
1 494 370
4 495 367
3 540 377
3 541 386
3 535 368
2 498 406
2 524 404
3 528 404
4 497 404
4 495 369
1 502 364
4 493 387
3 503 364
1 536 373
2 532 395
2 511 400
4 489 383
4 499 401
3 534 379
1 522 377
3 531 402
3 536 394
4 494 388
2 502 402
3 529 404
1 516 367
4 488 384
2 491 398
4 489 396
4 491 381
4 489 390
1 539 369
2 504 400
4 491 400
2 501 406
4 488 394
4 488 374
2 492 401
4 488 390
3 530 403
2 507 396
2 529 405
3 540 375
1 502 363
3 535 367
1 494 369
4 487 374
3 543 391
3 540 374
4 494 367
2 505 398
4 487 394
2 534 395
3 538 376
2 523 404
3 527 400
3 537 387
2 520 395
2 518 391
4 498 379
3 540 382
3 539 392
2 505 399
3 530 404
3 539 376
3 536 368
2 524 405
4 490 400
1 531 367
1 499 363
2 508 397
2 543 392
4 492 375
2 488 395
1 495 366
3 531 403
3 532 402
3 544 391
3 531 380
2 510 399
3 503 365
1 515 371
2 519 398
1 538 369
2 493 400
4 487 395
1 528 367
3 543 389
4 497 406
1 526 370
4 493 369
3 541 377
1 539 368
1 501 364
1 544 390
3 528 400
1 510 374
3 529 399
2 511 401
2 502 403
3 530 399
2 522 401
1 503 363
3 529 400
3 542 384
4 498 364
3 541 375
4 491 389
4 489 385
4 496 378
1 521 371
3 528 398
2 499 406
1 527 370
2 509 398
4 497 379
1 508 371
1 542 383
3 542 377
1 522 376
1 497 365
3 532 403
2 496 401
1 494 366
4 488 372
1 523 373
4 491 401
2 501 407
3 544 389
2 543 393
2 509 399
3 504 365
1 516 366
1 511 375
4 495 378
2 504 401
2 510 400
1 519 376
1 535 366
3 540 369
1 521 370
3 536 381
4 486 395
3 542 388
2 515 394
3 543 388
3 537 394
2 526 405
2 510 401
3 504 363
2 487 396
2 521 400
2 520 396
2 509 400
4 496 404
1 486 394
3 538 394
2 510 402
3 504 364
3 541 369
1 525 373
4 497 364
3 535 395
2 487 397
3 502 406
2 496 405
3 541 382
4 493 366
1 522 375
4 488 383
4 494 368
4 493 367
2 504 402
4 492 387
3 502 407
1 537 373
3 542 386
3 543 383
3 535 379
2 486 396
2 530 405
3 542 382
1 493 365
4 487 372
3 536 379
4 492 366
3 532 380
4 490 398
3 545 390
3 537 379
2 487 398
2 498 407
3 531 396
3 539 394
4 496 364
2 488 396
2 530 406
2 535 396
2 508 398
3 541 370
4 487 390
1 505 374
2 517 395
4 486 390
4 495 405
3 530 400
3 535 378
1 522 374
3 539 373
2 488 397
4 489 373
4 486 374
2 506 400
2 493 401
1 518 373
1 498 363
1 507 371
4 488 373
2 505 400
4 486 372
2 544 392
1 492 365
1 542 376
3 505 364
2 520 397
1 527 369
1 526 369
2 508 399
4 496 382
4 491 387
2 494 400
1 524 373
4 498 380
4 490 376
2 497 407
1 528 366
2 540 390
4 491 365
2 486 397
4 496 407
4 497 363
3 543 377
1 535 365
4 489 371
3 538 379
3 536 365
4 496 406
4 488 385
3 538 387
3 543 386
1 513 372
3 539 379
2 497 408
2 495 406
1 543 376
3 544 388
1 537 372
1 500 365
2 499 407
3 545 389
3 536 378
4 490 365
1 540 368
2 500 406
4 485 396
1 522 373
1 488 371
1 494 365
3 537 378
4 489 365
2 519 399
1 487 371
1 540 367
2 495 407
3 542 375
3 531 405
4 496 379
3 505 363
4 485 390
2 499 408
1 523 372
3 536 366
1 539 367
4 495 364
2 513 397
4 493 388
1 521 369
1 486 371
4 492 367
3 544 385
4 488 365
3 545 391
2 505 401
3 544 377
1 539 366
4 489 393
4 494 406
1 545 388
4 490 381
4 495 382
2 527 406
2 522 402
2 514 396
4 492 369
2 495 408
3 506 364
4 494 405
3 531 404
1 514 371
4 495 377
1 523 371
1 528 365
3 533 402
2 537 395
4 493 370
3 543 375
2 497 409
2 506 401
1 499 362
1 545 387
3 540 379
3 500 362
1 525 372
1 510 373
2 518 392
3 538 395
2 514 397
1 530 371
1 530 370
3 531 406
4 495 404
4 487 383
4 490 387
2 537 396
3 541 372
1 511 374
4 485 397
3 532 406
2 514 398
3 546 387
3 543 384
4 489 387
1 501 363
3 540 373
2 506 402
3 506 363
4 494 378
1 539 365
3 545 377
1 495 363
2 537 397
4 484 390
3 540 365
2 505 402
3 546 390
1 496 363
1 487 370
2 518 393
2 489 397
4 496 409
1 518 372
3 540 394
4 490 389
3 531 400
3 542 372
1 545 376
3 539 395
1 502 362
1 502 361
4 484 396
4 487 384
4 483 396
1 528 364
2 507 397
2 534 396
3 538 397
4 487 385
3 541 365
4 486 384
1 540 364
4 485 395
3 503 407
3 547 390
4 494 407
3 503 362
3 500 408
2 539 396
3 532 404
1 492 364
3 532 400
3 533 400
1 511 373
2 542 392
2 487 399
1 488 364
4 487 373
2 526 406
2 540 395
4 493 406
2 505 403
3 534 402
4 491 366
3 548 390
3 545 392
3 547 387
2 531 407
3 544 393
1 491 364
3 507 363
4 495 409
1 523 370
3 546 389
1 542 371
2 528 405
4 499 402
3 538 378
3 529 398
2 484 397
4 486 398
4 491 369
1 532 367
3 498 409
4 488 387
4 494 408
4 494 377
2 517 396
1 511 372
3 539 378
1 512 373
1 536 364
1 532 366
2 521 401
2 509 401
3 541 394
1 502 360
1 487 369
1 507 362
1 520 372
4 494 404
2 540 396
3 533 406
4 489 392
2 522 403
3 533 404
2 547 391
1 501 362
1 493 364
4 486 383
3 529 401
3 545 393
3 542 369
3 544 375
2 500 409
1 496 362
1 497 362
2 512 392
1 513 371
1 497 361
2 493 407
1 532 365
1 509 370
2 545 394
3 534 400
1 499 361
4 484 395
3 508 362
4 491 367
1 531 366
4 492 388
2 515 395
1 500 361
1 490 364
2 485 398
2 497 410
3 549 390
2 499 409
4 485 372
1 529 369
2 512 393
4 493 378
4 488 393
3 535 400
2 494 409
4 489 389
2 531 408
1 515 370
3 532 405
2 494 410
3 542 370
3 509 362
3 503 360
4 489 381
4 489 400
2 488 398
4 497 380
1 531 365
3 550 390
2 489 401
3 541 367
4 486 385
2 543 394
1 547 386
3 532 408
2 502 408
2 485 399
3 546 393
4 483 397
3 541 364
2 487 400
4 484 398
4 493 405
1 531 364
1 518 371
1 508 361
1 483 395
4 495 379
3 543 371
3 547 389
1 511 371
4 486 370
1 532 364
2 511 402
1 494 364
2 531 409
4 493 409
3 541 374
2 504 403
4 485 394
2 545 395
3 544 371
3 548 389
4 493 377
1 527 368
2 496 410
1 537 371
1 505 362
2 526 407
1 537 370
1 526 368
2 546 394
4 492 407
1 540 363
2 483 398
1 540 362
2 531 410
1 532 363
1 521 368
1 512 372
1 541 363
3 548 391
3 532 407
1 529 368
3 546 377
4 496 380
2 518 394
3 533 405
1 490 363
3 543 372
4 492 409
1 483 394
1 540 361
2 530 407
3 536 400
3 541 373
1 522 372
2 494 411
3 542 365
3 543 382
2 522 404
2 515 396
3 533 407
3 546 392
2 535 401
4 488 381
4 492 406
3 504 360
3 539 397
3 545 371
4 495 380
1 549 389
2 505 404
2 536 401
1 520 371
4 497 403
1 520 370
4 486 369
4 485 371
1 497 360
1 517 377
2 496 411
2 549 391
4 493 368
1 507 361
4 489 376
2 528 406
4 493 404
4 493 410
4 487 387
1 489 364
3 533 380
3 544 382
1 491 363
1 529 367
3 543 370
1 508 360
1 500 360
3 534 407
4 488 392
1 532 362
4 490 366
4 487 381
3 543 365
4 482 398
3 497 411
4 492 410
4 488 389
4 489 366
2 511 403
2 526 408
2 501 408
2 519 400
2 549 392
1 538 368
2 531 411
1 548 388
4 482 397
3 540 397
3 546 395
4 492 404
4 496 403
4 484 399
1 503 359
4 491 410
2 550 391
3 533 408
1 539 364
4 486 381
1 493 363
2 490 401
2 495 410
3 548 387
3 532 410
1 516 365
4 487 392
2 498 410
2 523 405
2 527 407
4 485 374
3 541 368
3 544 370
4 484 374
1 482 396
3 545 375
1 505 361
4 483 374
2 539 398
1 511 370
2 494 412
3 542 364
1 529 366
4 485 383
2 526 409
3 541 379
1 548 386
1 516 364
2 516 395
2 528 407
1 544 369
3 547 395
3 541 362
4 482 395
3 533 410
1 496 361
4 483 399
1 526 367
2 496 412
4 491 375
4 496 360
2 510 403
1 520 369
2 512 394
1 496 359
3 540 366
2 532 411
4 482 374
2 547 396
3 546 376
4 481 398
1 510 372
2 487 401
4 486 373
1 520 368
4 492 368
3 542 374
2 540 398
4 482 399
2 532 412
4 487 393
4 485 384
3 537 381
2 496 413
3 542 379
4 489 363
2 534 408
4 480 398
4 498 402
2 523 406
3 541 398
2 505 405
3 545 369
1 548 385
1 502 359
2 540 399
2 538 398
2 488 399
1 493 362
1 486 368
1 511 369
2 494 413
4 494 380
1 528 363
1 536 363
1 548 384
3 541 399
1 535 364
1 544 368
2 522 405
1 547 385
4 491 407
4 488 363
3 542 398
4 483 390
2 538 399
1 541 361
3 549 384
4 495 403
2 531 412
1 495 362
3 540 378
3 547 394
1 493 361
1 540 360
4 484 383
3 537 400
1 501 361
1 488 362
1 548 383
3 537 401
3 546 371
3 549 387
2 486 399
2 498 411
2 535 402
1 484 373
2 483 400
3 549 386
2 508 400
3 534 380
1 531 363
4 492 361
2 494 414
2 480 399
2 498 412
3 542 363
2 503 408
2 540 400
3 548 395
4 491 404
1 491 362
1 533 367
4 491 409
4 490 407
4 487 362
1 495 361
4 481 396
3 546 369
1 542 362
3 538 381
4 479 399
3 547 376
1 523 369
2 536 402
2 536 403
3 534 404
3 543 374
1 507 360
3 549 388
2 488 400
3 551 391
2 514 399
1 484 372
1 482 373
4 490 409
3 546 375
2 523 407
4 485 368
2 537 402
1 533 366
3 533 412
1 503 358
4 481 373
3 542 361
2 490 410
4 492 377
3 539 381
4 480 396
4 495 360
2 509 402
1 523 368
3 548 376
4 486 401
1 482 372
3 535 380
4 493 408
2 538 400
2 492 411
4 497 402
2 540 401
1 483 373
2 550 392
4 484 368
3 495 414
1 515 369
1 509 361
2 522 406
2 539 399
2 548 396
3 549 396
2 495 415
2 507 398
3 537 403
2 489 402
4 487 363
4 482 394
4 481 397
2 550 393
2 499 410
1 495 359
1 495 358
2 525 405
2 524 406
1 513 370
4 494 360
2 506 403
2 480 400
1 518 370
2 528 408
4 493 380
2 517 397
1 501 360
3 541 366
1 485 367
2 545 396
3 544 374
2 547 397
2 495 416
1 488 361
3 547 369
2 542 399
1 481 372
3 550 386
1 508 359
4 494 358
4 485 381
3 542 366
2 542 400
2 529 406
2 503 409
2 545 397
4 492 378
1 543 364
1 507 359
2 506 404
1 496 358
4 488 366
1 489 362
4 489 407
3 550 389
3 497 413
3 536 380
4 486 393
3 543 362
1 540 359
3 544 364
3 543 399
1 525 371
2 501 409
3 548 369
3 548 397
2 550 394
2 530 408
1 547 368
3 543 361
3 533 411
4 485 369
1 524 372
3 544 362
3 549 397
4 486 363
4 480 373
2 522 407
1 525 370
2 551 392
2 534 409
3 551 394
3 549 395
4 488 376
2 498 413
3 499 413
4 494 403
4 484 381
1 500 359
2 506 405
3 543 366
3 496 415
2 480 401
1 485 366
2 491 411
3 500 413
1 521 367
2 515 397
4 480 372
2 511 404
3 537 380
1 496 357
3 550 396
1 508 358
4 484 371
3 545 374
3 551 390
2 533 413
1 484 367
2 522 408
4 484 366
3 549 383
2 545 398
1 535 363
4 486 392
1 495 357
1 550 385
3 540 381
3 549 369
1 521 366
1 535 362
4 490 375
1 550 384
2 536 404
4 490 404
4 494 416
4 489 409
1 488 360
1 490 362
2 484 400
4 487 364
3 543 400
3 551 389
2 535 403
1 490 361
3 544 372
1 512 371
4 493 414
4 488 402
1 487 361
4 490 411
2 491 412
2 497 414
4 489 404
4 488 407
2 505 406
3 538 380
1 543 360
2 493 415
2 517 398
4 482 390
2 504 404
3 545 364
2 528 409
2 518 395
1 485 365
4 492 405
2 489 410
1 528 362
2 488 408
4 493 416
1 535 361
2 497 415
4 492 414
2 511 405
3 509 358
1 514 370
4 479 400
4 485 392
4 485 393
4 492 416
4 483 371
1 532 361
3 544 365
2 505 407
2 494 417
4 481 390
4 479 373
4 480 397
3 547 375
2 546 396
2 513 398
4 491 416
4 486 364
4 487 407
1 480 371
1 501 359
4 488 409
3 545 362
1 497 359
4 487 409
4 485 364
1 489 361
1 507 358
2 510 404
1 511 368
3 546 398
1 548 368
4 483 383
2 506 406
2 520 398
1 546 368
2 487 410
3 534 412
1 499 360
4 486 362
4 487 389
4 479 398
2 531 413
2 525 406
4 494 357
4 478 400
4 479 371
2 490 412
2 482 400
2 518 396
2 545 399
4 484 384
2 510 405
3 541 381
3 546 364
4 480 390
1 499 359
2 498 414
1 532 360
1 536 362
1 548 367
3 550 397
2 531 414
3 552 392
1 516 363
4 485 370
2 487 411
2 503 410
2 519 401
3 552 394
2 494 418
1 516 362
4 491 406
2 526 410
2 522 409
4 478 399
2 512 395
1 483 370
4 481 374
2 546 399
2 530 409
4 491 391
3 535 412
3 545 372
1 539 363
3 535 407
2 521 402
3 541 359
1 518 369
4 493 357
2 548 398
2 506 407
2 506 408
4 488 404
3 543 379
2 542 401
4 482 383
2 527 408
4 483 366
4 494 382
4 491 414
3 544 360
2 539 400
3 539 380
3 546 374
4 493 403
1 509 357
2 499 414
1 491 361
3 541 378
3 552 391
3 550 369
4 487 360
2 478 401
3 544 361
3 540 380
3 549 367
3 542 381
3 537 404
3 547 371
3 544 400
2 513 399
2 531 415
2 498 415
1 484 365
2 552 395
3 553 395
4 486 410
1 487 359
1 512 370
4 484 369
1 503 357
1 546 363
3 543 381
4 483 369
4 484 364
4 486 409
3 550 388
2 518 397
1 505 360
4 484 393
1 482 371
4 493 358
3 538 404
4 491 405
1 521 365
4 487 402
3 542 378
3 549 398
3 543 401
2 500 414
3 548 375
3 554 395
1 500 358
4 482 369
3 535 408
2 484 401
4 481 394
1 521 364
3 553 394
1 505 359
3 549 368
3 510 358
3 548 371
4 483 381
3 551 393
1 525 369
2 510 406
3 545 382
1 480 370
1 488 359
4 479 390
4 493 417
4 483 365
3 550 398
4 483 384
3 534 406
4 491 377
4 481 369
3 551 369
1 534 366
3 549 375
4 477 400
3 546 382
1 535 360
4 479 396
1 549 366
4 479 370
2 511 406
3 536 407
1 497 358
2 490 413
3 555 395
2 532 413
4 485 363
1 500 357
1 554 394
4 477 401
3 537 407
4 486 361
1 553 393
4 492 403
3 545 361
3 552 389
3 551 388
2 505 408
4 478 371
1 480 369
4 483 368
3 495 417
2 491 417
3 550 367
1 480 368
4 487 376
4 486 359
3 552 388
2 541 400
3 547 382
3 551 384
1 550 366
4 493 382
2 500 415
3 534 405
2 492 417
3 548 382
2 534 413
3 550 368
4 478 370
4 486 407
4 482 365
4 490 416
3 545 365
4 485 385
4 489 416
2 519 402
3 552 384
4 484 392
1 545 360
3 545 400
3 496 416
3 549 371
2 479 401
2 521 403
3 538 407
3 532 415
1 529 365
2 553 396
3 538 403
1 511 367
2 515 398
4 479 397
3 511 358
4 483 367
1 482 364
4 487 408
1 477 399
1 503 356
1 519 375
4 486 411
2 511 407
2 531 416
1 525 368
4 492 357
1 543 359
2 507 399
3 532 414
4 490 406
2 534 414
3 546 361
4 502 356
1 528 361
1 506 362
1 527 367
2 524 407
1 513 369
4 486 389
4 485 409
2 479 402
2 550 399
4 491 357
2 526 411
2 532 416
3 541 380
1 537 369
2 507 400
4 479 372
3 535 409
1 542 360
2 542 402
1 526 366
4 490 377
1 535 359
2 504 405
3 543 402
1 532 359
4 480 394
3 544 359
3 555 394
1 536 361
2 531 417
1 483 364
4 481 383
1 490 360
3 547 361
1 512 369
2 499 415
2 523 408
1 546 360
3 546 365
3 550 375
1 542 359
1 483 363
1 555 393
2 482 401
4 486 376
3 547 374
3 536 408
3 554 396
4 490 417
1 477 398
1 535 358
1 505 358
2 554 397
4 479 369
4 481 365
4 486 387
1 502 355
3 542 380
1 511 357
3 548 361
3 543 378
2 504 406
4 482 381
3 553 391
3 547 365
1 506 361
3 547 360
2 550 400
1 531 362
2 491 418
1 537 368
1 548 360
1 543 358
3 535 413
3 549 376
2 546 400
4 485 362
1 500 356
2 526 412
3 544 402
3 534 411
2 491 419
2 500 416
1 542 358
2 555 396
4 476 399
1 552 383
2 500 417
3 553 384
3 549 382
2 510 407
3 544 358
4 481 364
3 536 413
2 478 402
3 550 376
4 478 373
3 495 418
3 504 356
2 503 411
2 479 403
4 495 386
4 482 366
3 545 370
4 475 399
4 477 371
2 543 403
3 546 362
2 552 396
4 480 383
3 534 410
3 537 408
1 520 367
2 524 408
1 501 358
2 539 401
4 494 386
3 535 406
3 546 372
4 489 412
3 547 362
2 512 396
1 552 382
4 490 357
3 536 409
4 491 378
3 553 392
3 554 392
3 551 400
2 507 401
1 506 360
3 556 396
1 486 358
2 535 414
2 526 413
1 511 356
2 481 399
2 549 399
1 524 371
3 536 412
2 494 419
3 547 372
2 503 412
3 544 378
1 527 366
3 551 367
3 512 357
2 535 415
1 498 362
3 542 373
4 485 359
2 556 397
1 507 357
2 556 398
2 520 399
1 519 374
4 494 379
1 524 370
1 490 356
3 557 396
4 485 389
1 485 358
2 493 418
4 489 375
3 551 385
4 490 418
2 502 409
3 496 418
1 511 355
4 490 414
1 536 360
4 493 386
4 484 385
2 513 400
4 476 371
4 479 394
3 551 386
4 478 390
3 556 395
3 556 393
4 480 365
3 512 355
3 552 386
1 487 358
2 511 408
3 535 410
1 538 367
2 517 399
3 513 357
2 543 404
2 483 401
4 477 373
3 552 367
4 477 402
1 547 359
1 546 359
3 552 385
2 486 412
4 476 401
2 489 417
3 551 376
2 485 410
3 551 366
1 557 395
1 536 359
1 548 359
3 557 398
4 491 388
3 548 362
1 530 369
1 480 364
4 488 375
1 544 357
4 486 360
1 497 357
4 492 415
1 549 365
3 547 377
3 550 387
3 539 407
1 532 358
3 532 417
1 532 357
1 553 383
4 476 398
4 474 399
2 497 416
2 489 418
2 518 398
4 489 356
1 500 355
1 487 357
3 558 395
1 550 365
4 488 416
3 548 374
4 482 384
4 479 383
2 519 403
1 506 359
2 479 404
3 543 380
1 544 356
2 535 416
1 513 356
4 475 401
4 479 365
3 536 415
2 499 416
4 476 402
3 552 369
1 529 364
1 488 358
1 498 361
2 516 396
2 488 417
4 483 393
3 557 397
2 487 412
4 478 394
2 554 398
3 554 383
4 484 359
4 484 409
1 491 356
4 492 386
3 537 413
4 478 369
1 495 356
4 477 390
2 490 419
2 521 404
3 553 382
1 475 398
4 485 361
4 475 402
2 504 407
1 486 357
2 516 397
2 475 403
1 513 355
1 485 357
1 483 362
2 534 415
3 549 359
3 551 365
1 515 368
3 549 362
2 495 419
3 550 371
4 483 359
2 524 409
1 540 358
2 515 399
1 553 381
4 477 394
2 507 402
3 544 380
1 512 354
2 519 404
4 478 365
4 480 374
1 521 363
4 477 369
2 533 414
3 557 393
1 534 365
2 543 405
2 551 401
2 548 399
2 533 415
1 488 357
3 538 413
2 532 418
2 495 420
4 485 411
4 493 379
1 544 355
3 496 420
1 539 362
2 539 408
4 475 371
4 478 396
4 489 419
2 476 403
1 496 356
4 490 388
3 497 420
1 512 353
2 556 399
4 482 393
1 479 364
2 520 400
1 491 355
1 528 360
2 531 418
3 544 405
1 507 356
4 485 376
4 485 360
4 479 374
4 476 394
1 516 361
1 533 365
3 539 413
3 547 364
4 485 387
3 533 417
2 526 414
3 552 400
3 545 380
3 553 388
1 527 365
4 484 410
2 488 418
2 506 409
1 517 376
1 536 358
1 481 363
3 536 416
2 508 401
1 544 354
2 533 418
3 549 374
2 508 402
1 551 364
1 530 368
4 490 355
3 544 403
4 477 365
1 498 360
2 501 410
1 475 370
1 528 359
2 482 402
1 500 354
1 506 358
1 481 362
1 506 357
1 496 355
3 552 365
2 517 400
1 530 367
1 509 356
2 492 418
1 544 353
3 548 377
1 548 358
3 550 362
1 486 356
1 533 364
3 544 404
1 480 363
1 543 357
2 501 411
2 498 416
4 474 403
2 499 417
2 488 419
2 539 414
1 481 361
3 540 413
1 478 364
1 501 357
3 554 391
3 554 381
4 491 415
1 513 354
2 521 405
3 547 363
1 554 380
4 481 395
3 551 368
1 505 357
2 549 400
3 534 417
1 527 364
2 500 418
1 479 363
4 483 385
2 497 421
1 555 392
3 498 420
4 478 383
3 550 374
1 506 356
4 490 378
1 505 356
4 489 377
3 556 394
1 507 355
4 474 402
1 521 362
2 514 400
3 553 389
4 484 387
4 484 358
1 511 354
2 490 420
2 549 401
4 473 399
1 546 358
2 497 422
3 537 416
4 480 395
4 478 404
1 487 356
2 526 415
2 529 407
3 545 404
2 529 408
3 549 377
1 519 373
1 529 363
4 476 373
4 482 359
3 537 412
2 508 403
1 536 357
4 489 355
3 540 414
4 474 370
3 541 413
3 551 362
3 549 361
1 514 369
3 545 353
3 540 408
3 550 361
4 483 358
1 473 398
3 556 392
1 489 354
3 537 415
2 539 415
2 540 415
4 481 359
4 490 391
2 499 418
4 489 420
1 476 370
1 503 355
2 551 402
2 530 410
1 555 391
1 517 375
2 475 404
1 527 363
1 539 361
2 557 399
4 490 415
3 558 396
3 552 402
2 484 411
3 558 398
2 534 418
4 476 390
1 518 368
2 503 413
3 554 388
1 542 357
2 551 403
3 545 405
4 481 384
4 489 388
2 490 421
4 487 418
2 550 401
2 492 419
3 553 367
1 548 357
3 557 394
3 553 365
2 531 419
3 555 381
2 536 417
3 551 375
2 557 400
3 551 371
2 523 409
1 493 356
3 552 390
1 479 362
3 545 356
3 555 380
4 473 370
2 546 401
1 558 394
3 550 377
1 508 357
2 490 422
3 541 408
4 475 394
1 499 358
3 551 374
1 499 357
2 483 402
1 543 356
4 489 413
2 511 409
2 534 419
3 558 400
2 503 414
3 548 363
3 559 400
4 489 422
3 554 367
2 497 423
4 483 387
3 541 414
2 509 403
4 492 379
3 546 353
4 480 384
4 488 354
3 545 354
4 492 380
2 514 401
2 548 400
1 535 357
4 484 357
1 515 367
1 529 362
3 551 377
2 540 416
4 486 418
1 540 357
2 551 404
2 494 420
4 472 398
2 475 405
2 541 415
4 474 405
4 477 396
2 529 409
2 530 411
1 472 397
2 497 424
1 479 361
2 511 410
3 559 395
4 482 385
3 552 366
1 527 362
4 489 415
1 518 367
2 499 419
3 552 401
3 558 397
4 489 391
1 530 366
4 484 360
3 552 377
1 547 358
2 513 401
3 549 363
2 491 420
4 481 393
1 546 352
4 488 413
4 491 379
3 546 405
3 499 420
2 541 416
1 502 354
4 476 396
4 483 357
2 480 402
2 531 420
1 523 367
1 519 372
2 555 397
4 545 352
2 552 403
3 550 363
3 532 420
3 555 388
3 559 394
2 544 406
3 535 411
1 496 354
3 553 386
2 536 418
4 483 410
1 496 353
2 495 421
2 544 407
3 549 358
1 512 352
3 553 377
4 473 402
2 503 415
4 496 424
3 556 380
2 542 403
3 550 359
4 480 393
1 480 362
4 483 360
2 557 401
1 528 358
4 495 353
4 489 406
3 551 359
4 473 403
4 477 364
1 479 360
1 485 356
1 559 393
4 485 418
4 491 386
4 474 401
1 476 369
2 508 404
2 507 403
4 478 362
1 554 366
3 555 366
3 542 413
4 472 403
2 503 416
3 545 407
1 545 351
1 482 358
2 545 408
3 536 410
3 558 401
4 491 380
1 511 353
2 554 399
3 543 413
3 547 352
2 510 408
3 552 359
4 484 356
4 489 414
2 501 412
2 507 404
1 512 351
4 482 367
4 490 386
3 552 368
4 483 392
1 505 355
4 478 361
1 531 361
3 546 356
1 556 379
3 549 357
4 482 410
3 550 358
1 511 352
4 485 407
3 556 366
4 477 361
3 552 374
3 543 373
3 551 361
3 552 371
1 513 353
1 486 355
3 546 408
3 553 374
3 544 413
1 533 363
2 499 421
3 547 408
1 538 366
2 550 402
4 484 376
3 552 375
2 472 404
2 557 402
1 555 365
3 557 392
2 499 422
4 471 397
4 479 393
3 554 389
2 491 421
3 555 389
1 555 364
1 485 355
2 545 409
2 517 401
4 478 393
1 548 356
2 493 419
2 545 410
4 488 415
4 473 405
2 546 409
3 498 423
4 490 379
2 484 412
4 481 381
2 524 410
1 555 363
1 555 362
2 524 411
4 487 417
2 532 421
3 556 364
1 550 357
2 557 403
3 558 402
3 551 358
4 488 377
3 558 399
4 510 352
1 543 355
3 554 384
2 555 398
3 556 363
2 533 419
4 488 391
1 474 369
4 475 373
1 508 356
1 478 360
3 555 383
4 475 396
4 481 366
3 553 390
2 527 409
2 472 405
4 489 379
1 534 364
2 539 416
1 500 353
4 481 410
4 471 398
1 480 361
1 528 357
2 530 412
4 488 420
4 480 359
2 513 402
3 554 374
1 539 360
4 479 359
3 556 381
2 533 420
4 474 396
3 558 403
4 484 418
4 509 352
2 475 406
3 553 359
1 499 356
3 557 363
4 480 410
2 539 417
1 542 356
2 485 419
1 556 362
1 555 361
4 481 358
3 554 390
2 556 400
4 479 410
1 488 353
2 521 406
1 474 368
3 559 397
4 487 420
3 540 417
4 484 355
1 493 355
1 546 351
4 474 371
3 557 380
4 483 356
3 555 384
4 487 377
1 516 360
2 554 400
3 556 361
1 542 355
4 482 356
3 559 398
2 485 420
3 559 402
4 483 418
4 484 419
2 487 421
3 546 354
3 560 394
1 558 393
2 521 407
1 478 359
4 478 374
4 484 420
1 492 356
2 558 404
4 480 358
4 496 423
4 483 420
3 498 424
4 478 363
4 483 355
4 481 367
3 553 385
1 478 358
1 508 355
4 479 384
1 514 368
3 546 370
3 553 375
1 513 352
4 476 364
2 480 411
1 519 371
4 470 397
2 506 410
3 548 408
4 477 393
4 482 392
2 528 410
2 522 410
4 511 351
4 482 418
1 516 359
2 548 409
3 545 413
2 487 422
4 486 417
2 558 405
4 485 417
3 542 414
4 490 380
3 554 359
1 496 352
4 492 382
1 509 351
4 486 422
1 516 358
4 482 357
4 474 373
1 476 363
3 554 386
4 488 388
2 488 421
4 495 352
1 539 359
1 510 351
2 548 410
3 555 359
2 538 414
1 542 354
3 544 373
4 471 404
1 493 354
3 546 413
3 559 405
4 475 363
4 489 386
2 514 402
1 556 360
1 557 362
1 502 353
3 555 386
4 483 412
4 477 359
4 478 372
4 477 383
1 481 357
3 499 423
3 534 420
1 528 356
2 504 408
3 558 392
1 538 365
2 516 398
1 480 357
3 547 351
4 488 414
3 549 409
1 479 358
4 476 383
3 553 369
3 557 361
2 475 407
3 553 368
4 470 398
2 520 401
4 479 411
2 525 407
3 545 378
3 558 380
3 560 397
3 547 370
1 531 360
3 556 389
2 555 399
4 480 381
2 560 398
4 482 412
4 476 361
1 511 350
3 547 413
2 550 403
1 548 355
2 476 404
1 537 367
1 527 361
3 541 417
2 509 404
1 505 354
1 519 370
2 550 404
4 487 413
1 472 396
1 544 352
3 549 356
2 538 415
2 554 401
1 501 356
2 529 410
1 475 362
4 471 396
1 545 350
4 482 387
3 546 350
3 556 383
3 561 398
2 554 402
1 535 356
2 557 404
4 485 422
4 487 415
1 534 363
2 486 423
4 481 412
3 548 372
4 486 408
3 557 364
1 538 364
3 547 354
1 513 351
4 475 390
4 474 394
2 554 403
1 536 356
2 513 403
4 478 384
3 547 353
1 502 352
1 512 350
1 501 355
3 559 403
4 473 369
3 548 370
2 529 411
4 483 376
2 517 402
3 556 359
4 480 412
1 483 354
1 493 353
4 508 351
1 483 353
3 560 405
4 489 378
3 554 369
1 534 362
3 555 390
3 546 378
4 481 387
4 507 351
2 557 405
1 552 358
1 549 355
2 551 405
3 543 414
2 518 399
1 484 354
3 550 409
1 480 356
1 540 356
3 536 411
4 485 423
3 542 416
3 561 397
1 533 362
4 484 423
1 509 350
2 532 422
2 506 411
4 473 371
2 494 421
3 557 389
4 479 381
1 525 367
4 480 366
4 489 380
2 477 403
3 561 405
2 514 403
2 541 418
3 548 413
4 487 375
2 489 423
4 470 404
1 535 355
1 544 351
3 549 410
3 549 370
3 560 403
1 508 350
1 536 355
1 514 367
3 559 404
4 474 362
4 471 405
2 524 412
1 502 351
2 540 418
1 507 350
1 509 349
3 552 376
1 558 379
1 534 361
4 480 387
2 481 413
2 479 412
3 556 386
4 482 354
3 548 353
1 540 355
2 557 406
2 479 413
4 501 351
4 477 374
1 509 348
4 477 358
3 547 350
4 474 407
1 510 350
1 508 349
3 557 359
1 479 357
3 542 418
1 515 366
2 561 406
1 540 354
4 480 367
2 542 419
3 535 420
4 472 399
3 546 407
2 538 416
2 485 424
3 554 368
2 511 411
2 496 425
3 559 401
4 473 394
1 547 349
4 494 352
3 556 384
3 543 416
1 489 353
2 525 408
3 559 380
1 539 358
2 511 412
1 479 356
3 554 385
4 472 402
2 554 404
3 557 384
1 558 378
4 470 396
4 478 412
1 519 369
3 554 375
1 504 355
2 541 419
2 484 424
4 474 363
3 550 410
3 555 374
2 526 416
3 533 422
4 476 358
1 541 358
4 469 397
2 544 414
1 474 361
1 509 347
4 485 408
1 533 361
2 557 407
2 474 408
2 551 406
1 539 357
1 532 356
2 488 422
1 516 357
1 551 357
3 548 349
1 555 358
1 503 354
1 470 395
4 495 425
3 557 383
2 540 419
2 517 403
2 495 426
2 542 420
2 496 426
3 560 393
1 472 395
2 524 413
2 516 399
2 557 408
2 470 405
3 556 390
2 512 397
4 478 357
3 561 393
3 562 397
1 526 365
1 509 346
1 509 345
1 559 379
2 492 420
1 501 350
2 521 408
3 538 412
2 562 398
2 477 404
3 561 403
2 562 399
3 556 388
3 558 383
4 477 412
4 486 375
2 498 425
3 534 422
3 558 408
4 478 356
2 504 409
4 473 363
4 508 346
3 548 351
3 545 414
4 484 389
4 488 378
3 560 401
4 486 415
3 510 348
1 556 358
3 563 397
2 473 406
3 499 425
4 472 369
3 549 351
2 550 411
3 555 368
3 562 393
3 557 366
3 551 410
1 546 349
3 563 393
1 551 356
1 482 353
4 481 392
4 479 387
4 477 356
3 552 410
2 500 419
4 494 425
1 561 392
3 543 419
3 556 374
3 562 405
2 544 415
4 487 414
4 487 378
2 480 413
2 536 419
3 549 372
1 537 366
3 558 362
2 535 421
3 556 365
4 478 410
3 510 346
3 557 360
3 562 406
3 542 417
1 496 351
1 476 357
4 473 361
2 535 422
4 476 359
2 490 423
4 472 394
3 553 410
4 478 381
1 488 352
1 471 395
4 487 388
1 558 361
4 485 375
3 563 399
4 478 413
3 539 412
3 544 419
2 561 407
2 505 409
1 499 355
2 557 409
2 486 424
1 491 354
2 519 405
3 557 358
4 479 366
3 545 415
3 563 398
1 524 369
4 477 384
2 525 409
2 470 406
2 514 404
2 480 414
1 519 368
4 472 370
2 470 407
3 558 384
4 488 386
1 553 358
1 525 366
2 528 411
4 477 410
3 564 398
1 518 366
4 475 383
4 493 425
3 550 370
2 493 426
3 550 355
3 543 417
3 559 396
1 563 392
1 535 354
3 558 366
1 499 354
2 518 400
2 562 407
4 481 385
2 542 421
1 489 352
1 544 350
3 554 377
4 507 346
4 473 373
3 556 368
3 552 356
1 555 357
4 486 377
2 517 404
3 557 365
2 546 414
4 475 359
4 471 369
2 558 409
1 501 349
1 533 360
2 496 427
2 546 415
3 551 370
4 480 385
1 536 354
2 562 408
2 502 410
2 493 427
4 469 395
4 492 427
4 484 417
3 558 364
4 469 406
3 500 423
2 487 423
4 479 385
3 558 389
2 477 413
2 520 402
1 484 353
1 471 368
3 555 377
2 480 415
4 476 413
2 527 410
1 543 354
3 553 356
4 487 391
2 502 411
3 564 393
3 547 415
3 497 427
3 510 347
2 474 409
3 550 351
4 478 387
3 559 364
3 545 419
2 497 428
1 476 356
4 486 388
3 544 416
3 548 354
3 563 406
2 512 398
1 470 394
3 555 367
1 481 356
4 483 424
3 560 402
1 478 355
4 471 399
4 508 345
1 547 348
4 473 409
2 472 406
2 505 410
1 496 350
4 476 412
3 560 404
4 477 360
1 494 351
2 525 410
3 559 362
1 504 354
1 475 358
3 500 425
2 528 412
2 469 407
2 487 424
1 520 366
3 557 388
4 487 386
4 486 378
3 559 384
4 483 417
1 513 350
1 543 353
3 497 426
4 477 372
2 483 425
3 545 416
3 560 380
2 560 406
2 539 418
2 551 411
1 509 344
3 540 412
2 482 419
3 561 401
2 496 428
4 472 363
3 559 378
2 496 429
4 468 397
1 529 361
3 557 390
2 519 406
4 475 356
3 560 384
4 477 355
4 471 363
1 500 352
3 555 375
4 471 403
3 547 414
2 520 403
1 477 354
3 556 357
3 501 425
4 473 408
1 483 352
4 470 363
1 538 363
2 500 426
2 526 417
1 515 365
4 467 397
3 550 372
2 467 398
2 472 407
4 486 421
4 507 345
3 548 352
2 504 410
1 552 355
3 552 411
1 556 356
2 507 405
1 492 355
1 545 349
2 490 424
3 563 407
3 511 346
1 506 355
1 475 355
4 481 353
1 557 357
2 498 426
3 502 425
2 549 411
3 565 393
1 524 368
1 550 350
3 549 352
1 501 348
1 552 354
3 560 396
4 484 422
1 542 353
1 558 360
3 558 363
3 549 349
2 514 405
2 538 417
4 508 347
1 508 344
3 557 381
2 467 399
4 476 365
4 484 375
2 468 398
2 499 426
3 559 361
2 473 410
1 519 367
1 553 355
1 507 344
1 513 349
4 475 412
3 560 362
3 560 400
1 531 359
2 490 425
3 558 357
3 554 410
2 478 414
3 560 379
4 483 422
4 475 357
3 555 410
4 477 387
4 485 378
2 561 408
3 559 409
3 565 398
4 472 409
4 470 369
4 476 354
3 556 375
2 551 412
1 527 360
3 560 395
1 545 348
4 476 400
2 551 413
2 548 414
2 528 413
2 521 409
3 498 427
2 554 411
3 556 377
3 511 347
2 504 411
1 547 347
2 521 410
4 468 407
3 560 364
1 520 365
4 475 400
4 474 390
2 500 427
3 561 384
2 512 399
2 557 410
4 473 362
4 471 409
2 539 419
3 566 398
2 493 428
4 481 418
1 555 356
2 512 400
4 495 429
2 476 414
3 564 407
1 557 356
3 557 377
1 497 356
4 472 361
2 511 413
4 482 420
3 564 392
3 563 405
4 476 360
3 553 354
1 481 352
1 519 366
2 473 411
1 491 353
4 486 391
3 558 390
4 479 367
3 561 380
2 561 409
1 551 355
1 481 351
4 477 381
2 469 408
4 476 374
2 503 417
2 469 409
3 557 375
1 564 391
1 541 357
2 544 420
1 543 352
3 545 420
3 559 389
3 510 344
1 507 343
1 518 365
3 546 419
3 558 410
4 485 391
1 493 352
1 473 360
3 543 421
4 482 422
3 536 422
4 474 400
2 519 407
3 552 413
4 475 354
4 468 408
1 481 350
2 526 418
3 562 409
4 478 385
2 529 412
3 497 429
4 474 357
1 523 366
1 531 358
4 473 400
3 501 427
2 550 412
1 498 359
1 517 374
1 563 391
2 535 423
1 536 353
1 495 351
4 483 375
1 538 362
1 508 343
2 540 420
2 480 416
2 482 423
4 475 365
1 554 358
2 527 411
2 470 408
1 559 360
3 562 384
3 557 386
4 466 397
3 558 356
3 545 373
3 544 421
4 466 399
3 563 409
1 484 352
1 513 348
1 492 354
1 526 364
4 482 376
4 466 398
2 492 428
3 560 361
1 508 342
2 554 412
4 479 415
2 493 429
2 552 414
1 470 362
2 475 413
4 477 385
4 475 374
1 527 359
4 485 421
4 491 427
1 516 356
4 469 369
1 492 353
2 565 399
3 512 346
1 509 343
1 485 354
2 521 411
3 559 357
2 482 424
3 555 412
1 480 355
3 546 416
2 484 425
4 491 382
4 476 381
4 486 386
3 566 399
3 565 407
4 480 353
1 561 379
1 507 342
3 548 348
4 469 405
2 469 410
1 554 357
4 483 389
2 521 412
2 565 408
3 555 411
2 483 426
2 485 425
2 565 409
4 506 342
4 480 351
1 533 359
3 565 391
1 490 354
2 503 418
4 468 369
4 491 428
2 508 405
3 558 365
2 555 413
1 526 363
4 482 417
4 485 388
2 466 400
1 493 351
4 473 357
4 482 426
2 499 427
1 554 356
2 510 409
2 509 405
1 538 361
3 566 408
3 498 429
2 469 411
2 547 416
4 490 427
2 520 404
4 470 368
2 474 410
3 560 378
3 556 412
3 567 399
3 548 347
4 480 418
3 547 419
3 558 359
4 469 394
1 490 353
1 477 353
3 561 362
1 536 352
4 472 371
1 488 351
4 474 356
1 519 365
2 538 418
4 474 355
1 537 365
3 566 393
2 474 411
1 486 354
1 479 355
4 472 360
4 485 377
3 554 382
4 478 415
4 469 396
3 546 420
4 468 409
2 472 410
1 493 350
4 490 428
3 551 387
2 522 411
3 557 368
4 492 429
3 566 391
4 473 356
2 491 429
2 539 420
3 558 388
4 481 426
3 551 351
3 559 356
4 506 345
1 518 364
3 549 353
4 470 403
1 513 347
2 488 423
2 481 427
3 511 344
2 472 411
4 505 342
1 467 396
2 544 422
1 566 390
3 498 428
1 567 398
2 534 423
4 478 366
1 489 351
2 536 423
1 543 351
2 561 410
2 534 424
1 491 352
1 523 365
2 554 413
2 534 425
2 543 422
3 562 403
2 477 414
4 490 429
2 479 416
2 472 412
1 546 348
1 525 365
3 513 346
1 520 364
1 524 367
4 471 412
3 559 366
4 474 354
2 566 409
4 465 400
1 537 364
3 558 386
1 564 390
1 512 345
4 478 416
1 498 358
2 494 426
3 560 360
1 465 399
3 545 421
3 559 365
2 540 421
1 502 350
2 521 413
3 559 386
4 481 424
1 484 351
1 497 355
4 468 411
1 543 350
4 480 352
1 467 395
4 465 397
2 496 430
1 541 356
3 562 410
4 469 368
2 522 412
3 551 350
1 514 366
4 481 376
4 500 348
2 553 411
1 467 394
4 500 349
4 477 416
1 466 396
1 539 356
3 560 357
2 563 410
2 538 419
1 546 347
3 549 347
2 507 406
4 480 426
4 489 428
2 558 411
2 545 422
2 556 413
3 567 390
3 509 342
3 553 371
1 506 341
4 471 402
2 538 420
3 548 416
1 556 355
1 534 360
4 505 341
4 480 350
4 476 372
3 543 418
4 470 412
4 465 398
2 484 426
3 550 353
1 470 361
4 472 357
4 506 344
4 481 419
2 486 425
2 469 412
2 522 413
3 560 389
4 482 425
2 549 412
1 564 389
2 556 414
3 547 420
4 475 364
1 479 354
1 473 355
2 540 422
4 476 387
3 561 357
4 468 368
2 526 419
1 549 346
4 465 396
3 559 363
3 549 348
3 550 348
4 471 357
1 508 341
3 564 406
1 544 349
1 478 354
2 558 412
1 562 383
3 546 422
2 560 407
4 464 397
3 560 363
1 551 349
4 470 357
2 498 430
4 484 421
2 476 415
4 475 381
4 467 407
3 560 356
3 558 377
2 562 411
4 471 371
2 481 428
2 484 427
4 495 430
4 474 381
4 484 391
3 568 399
1 537 363
2 553 412
4 476 416
1 502 349
3 546 421
3 551 353
4 471 370
2 554 414
1 464 396
4 475 387
2 496 431
3 558 368
1 548 346
4 469 363
2 503 419
1 536 351
4 479 426
4 472 356
2 491 430
3 561 395
1 540 353
2 545 423
1 564 388
2 525 411
2 480 427
3 565 389
1 539 355
3 510 343
3 564 397
4 479 350
1 474 353
4 490 382
4 480 419
1 564 387
3 561 400
4 499 348
3 555 385
1 499 347
3 563 403
3 499 428
4 478 367
3 563 384
2 562 412
3 568 398
3 552 353
1 527 358
4 482 389
1 467 393
2 493 430
3 555 382
2 542 422
4 466 393
1 466 392
4 506 343
1 515 364
1 478 353
4 473 353
2 532 423
2 563 411
2 528 414
4 480 376
1 508 340
3 550 347
3 563 383
2 550 413
4 475 372
4 464 399
3 552 349
2 494 427
4 470 371
4 472 353
4 483 421
1 484 350
2 513 404
4 465 392
3 546 423
4 507 340
1 518 363
3 555 369
1 482 352
3 567 409
2 550 414
1 493 349
2 533 423
2 531 421
3 557 355
3 544 417
4 479 419
4 468 412
1 464 395
1 483 351
4 467 412
3 561 356
2 531 422
4 481 417
1 527 357
1 503 353
3 562 395
4 474 365
3 562 400
3 550 352
2 516 400
3 547 423
1 471 356
4 479 418
2 523 410
4 484 388
4 495 431
2 464 400
2 479 427
1 529 360
2 507 407
1 538 360
2 530 413
2 550 415
3 550 346
3 554 371
2 513 405
4 479 376
4 468 405
2 544 423
4 479 351
2 485 426
3 567 393
1 513 345
3 552 350
3 562 357
4 470 370
3 558 358
3 559 377
2 547 424
3 561 402
2 520 405
1 508 339
1 551 348
3 556 367
2 528 415
1 501 347
3 560 365
4 479 352
3 569 398
3 535 425
2 464 401
3 563 395
3 549 416
1 559 355
1 482 351
1 537 362
1 553 353
1 519 364
3 565 387
3 548 419
3 557 367
4 467 411
2 555 414
1 517 373
1 467 392
4 464 398
1 503 352
3 502 427
3 553 376
2 509 406
2 484 428
3 562 362
3 512 344
1 494 350
1 472 352
1 497 354
1 566 389
1 510 342
3 513 344
1 552 348
2 502 428
1 552 347
4 470 356
4 466 411
2 554 415
1 505 340
2 507 408
3 570 398
2 545 424
1 566 388
4 474 387
4 463 397
2 465 401
4 467 368
4 483 388
1 484 349
3 559 368
1 471 355
4 473 381
2 517 405
2 543 423
2 463 398
1 489 350
3 562 356
3 553 347
4 506 346
3 562 401
3 564 405
3 554 376
1 560 355
2 471 413
3 557 414
3 555 371
2 499 429
1 467 367
1 486 353
3 511 343
1 492 352
2 520 406
1 553 346
4 505 343
4 474 364
3 567 388
4 498 348
3 554 346
4 469 370
4 484 377
4 483 391
3 509 339
3 544 418
2 569 399
1 568 397
3 509 341
3 564 395
1 480 349
3 552 370
1 540 352
4 497 348
4 473 365
2 475 414
4 482 388
2 528 416
4 484 378
4 478 351
3 566 387
4 471 352
4 482 391
2 494 428
3 546 373
2 540 423
4 463 396
4 488 379
1 566 386
4 481 423
1 480 348
4 478 427
2 521 414
1 476 353
2 479 428
4 473 354
2 551 414
1 498 347
3 561 364
1 482 350
2 502 429
3 567 408
4 481 388
4 469 371
1 504 353
4 487 379
2 561 411
4 469 404
2 568 400
2 467 413
3 557 374
2 548 420
1 562 355
2 497 430
2 476 417
4 490 430
1 557 354
3 558 354
4 478 418
3 565 405
1 565 386
4 489 382
1 553 345
1 568 396
4 489 430
2 555 415
3 566 405
3 548 423
3 568 393
4 482 421
1 544 348
1 467 366
3 562 379
4 466 366
2 509 407
1 467 365
4 467 408
1 546 346
3 553 348
3 558 374
3 556 382
3 547 421
1 494 349
4 466 368
1 531 357
1 467 364
1 502 348
2 481 429
2 497 431
4 482 375
2 550 416
2 471 414
2 537 417
1 547 346
3 552 351
2 558 413
4 468 404
3 560 377
2 495 432
4 494 431
2 517 406
2 481 430
2 526 420
1 568 392
2 566 410
1 491 351
1 480 347
2 489 431
1 517 372
1 565 385
3 549 423
3 560 366
2 498 431
4 477 351
1 467 363
2 513 406
3 553 351
3 565 406
3 503 427
1 527 356
4 465 393
1 494 348
3 569 396
1 510 341
2 514 406
2 558 414
3 563 412
4 470 355
2 485 427
4 468 406
3 568 388
4 481 391
3 559 374
1 542 352
1 499 346
1 515 363
4 483 378
2 560 408
3 561 360
3 569 393
4 464 393
2 463 399
4 479 349
2 554 416
3 553 349
1 524 366
3 536 425
1 563 382
4 505 344
2 484 429
3 561 394
3 561 404
1 549 345
2 531 423
2 518 401
1 508 338
4 466 394
3 554 349
2 497 432
1 551 347
2 553 413
1 503 351
2 507 409
1 526 362
3 553 350
4 465 366
2 464 402
2 506 412
4 462 397
4 466 367
3 555 346
1 472 351
1 479 348
3 549 419
4 480 423
2 493 431
3 561 365
3 564 382
4 504 343
3 564 384
2 499 430
1 539 354
1 499 345
2 478 428
4 481 425
4 461 397
3 564 403
1 550 345
1 535 353
4 462 396
3 561 363
3 563 357
1 528 355
3 555 349
4 476 384
1 480 346
1 553 344
3 568 390
1 497 347
3 500 430
2 466 412
2 512 401
1 465 365
3 501 430
4 469 361
4 479 423
2 528 417
2 539 421
1 532 355
1 527 355
3 550 423
2 482 427
3 551 372
1 542 351
2 478 429
1 477 350
1 562 354
2 560 409
2 483 427
1 508 337
3 562 360
1 470 354
2 481 431
1 491 350
2 570 399
1 504 342
4 469 362
3 569 388
1 544 347
3 562 365
3 503 429
4 481 420
2 468 413
4 471 353
2 481 432
1 493 348
2 530 414
2 554 417
2 554 418
2 545 425
1 565 384
3 569 400
4 475 417
2 461 398
3 498 432
4 460 398
1 491 349
4 482 378
1 495 350
4 474 383
4 464 365
1 535 352
4 470 414
3 562 404
3 571 398
4 460 397
1 545 347
3 566 406
2 544 424
4 472 381
4 473 383
2 474 412
3 547 422
1 492 351
1 531 356
2 554 419
4 481 378
4 468 371
2 479 429
4 466 408
1 471 351
2 522 414
3 559 359
1 541 355
3 556 349
1 530 365
4 478 348
4 471 360
2 523 411
4 480 432
3 567 386
2 483 428
3 559 414
2 463 400
3 556 346
1 482 349
3 563 356
2 505 411
2 470 415
2 567 410
2 460 399
2 556 415
4 464 366
2 571 399
1 483 350
3 566 385
2 526 421
1 479 347
1 543 349
2 499 431
4 479 346
2 550 424
1 553 343
3 553 370
3 501 426
4 477 427
1 532 354
1 540 351
4 469 414
1 491 348
1 466 365
4 478 426
3 555 419
1 516 355
2 524 414
2 497 433
1 486 352
3 567 391
1 462 395
1 462 394
2 504 412
4 507 337
1 505 339
3 565 403
3 561 361
3 549 420
2 543 424
1 543 348
1 469 360
3 568 409
4 465 412
1 499 344
1 496 349
4 474 359
4 470 353
4 466 407
2 566 411
3 564 383
4 503 343
1 529 359
2 480 433
1 483 349
3 555 416
4 483 377
1 460 396
4 472 373
2 512 402
3 502 426
4 488 380
2 534 426
1 551 346
4 463 401
4 476 427
3 567 405
2 503 430
2 534 427
4 470 351
3 569 392
4 478 349
3 511 342
3 568 391
2 543 425
2 535 426
1 542 350
3 559 358
3 558 375
2 571 400
1 460 395
3 567 387
2 494 432
2 480 434
1 497 346
2 476 428
2 506 413
2 460 400
4 475 427
2 471 415
3 568 405
4 480 430
1 520 363
2 568 410
4 467 404
3 509 338
4 480 425
4 478 423
3 510 338
1 470 350
4 462 401
4 466 363
4 468 362
1 562 353
2 511 414
2 524 415
2 507 410
2 533 424
4 507 338
4 459 398
2 504 413
1 524 365
3 555 418
2 562 413
1 522 371
3 554 370
2 559 415
1 484 348
2 494 433
4 477 418
4 480 391
1 511 341
3 568 408
1 553 342
2 515 400
2 480 435
3 554 347
4 467 409
3 554 344
2 503 431
2 539 422
3 562 363
3 558 367
2 477 428
1 516 354
4 478 346
4 479 432
4 459 399
1 494 347
4 479 430
4 480 420
4 487 380
1 478 345
3 554 345
1 543 347
4 469 355
1 470 349
1 549 344
3 567 389
2 542 423
4 461 394
1 493 347
1 564 381
2 488 424
2 471 416
4 477 429
4 458 398
1 562 352
2 559 416
3 562 380
3 554 348
3 570 396
2 463 402
2 481 433
1 509 337
1 465 364
2 480 436
2 512 403
3 565 382
1 507 336
1 511 340
4 468 410
4 480 424
1 507 335
4 473 387
3 554 351
3 570 393
4 459 396
1 469 354
2 467 414
4 480 378
1 482 348
1 481 349
3 566 407
2 546 424
1 546 345
2 484 430
2 521 415
2 505 412
1 565 381
2 463 403
4 468 361
3 563 404
2 533 425
2 482 428
4 470 352
1 535 351
4 477 426
4 477 348
1 492 350
2 550 425
3 511 338
1 477 347
2 502 430
4 474 427
1 465 363
4 506 335
1 498 346
1 488 350
2 514 407
1 553 341
1 523 364
1 503 342
2 461 399
3 561 378
4 486 380
3 563 360
3 569 408
2 461 400
1 503 341
1 463 395
4 469 353
2 547 425
3 562 402
3 564 356
3 564 360
2 458 399
4 475 384
4 472 383
4 460 394
2 483 429
3 551 425
2 539 423
4 457 399
2 524 416
3 504 429
4 468 353
3 560 415
4 482 377
2 519 408
3 569 409
2 487 425
1 530 364
2 463 404
2 533 426
2 505 413
1 543 346
3 555 344
1 492 349
2 483 430
3 561 415
3 569 391
3 508 335
1 562 351
2 536 426
1 547 345
4 506 337
2 560 416
3 548 421
3 508 336
4 467 371
3 569 405
4 505 335
4 465 367
1 538 359
3 552 425
2 527 412
2 461 401
1 505 334
3 563 362
4 502 341
4 469 357
2 551 426
4 468 354
2 540 424
2 529 413
4 478 430
3 555 417
3 556 418
4 479 433
3 512 338
1 485 353
3 555 348
3 570 409
2 531 424
1 472 350
2 518 402
1 533 358
1 490 352
4 459 397
3 481 434
3 559 367
4 477 345
4 464 364
2 488 425
2 483 431
1 532 353
4 467 369
3 560 368
3 547 373
2 472 413
2 544 425
4 480 431
1 557 353
1 468 352
1 499 343
3 572 398
4 468 357
2 503 432
3 561 416
1 564 355
4 479 431
1 527 354
1 514 365
4 463 393
2 522 415
1 467 362
2 476 429
2 457 400
3 563 353
2 501 431
4 477 346
4 465 407
2 563 413
4 488 382
3 554 342
4 459 395
3 498 433
1 556 345
3 567 411
4 466 362
3 560 367
3 559 375
2 498 434
1 505 333
1 547 344
4 481 421
4 476 426
4 478 433
4 469 350
4 476 345
2 535 427
4 466 409
2 551 427
3 561 377
3 567 407
2 502 431
2 465 413
4 463 366
2 561 417
3 552 372
3 561 366
3 555 342
2 487 426
2 527 413
3 563 401
4 468 360
4 506 338
3 557 349
2 506 414
2 564 408
1 481 348
1 465 362
4 467 361
1 520 362
1 542 349
1 475 353
2 531 425
4 474 372
1 563 352
1 486 351
2 504 430
3 560 359
2 518 403
3 553 425
2 503 433
2 507 411
4 467 410
3 561 359
1 486 350
4 475 429
4 476 348
4 468 350
2 543 426
1 538 358
2 534 428
3 560 375
3 564 412
1 500 347
4 498 344
2 465 414
3 563 363
3 556 371
1 458 397
3 567 406
4 464 362
2 524 417
3 565 355
2 549 424
2 497 434
3 563 365
1 485 352
3 563 354
2 535 428
2 487 427
1 531 355
2 488 426
4 481 377
4 469 415
3 510 337
1 491 347
2 519 409
4 477 430
4 462 404
1 512 337
3 504 433
3 562 417
1 491 346
1 495 349
4 465 408
2 522 416
2 503 434
1 556 344
2 546 425
3 554 341
3 551 424
1 561 355
2 469 416
4 466 371
2 514 408
4 467 350
4 464 392
3 564 362
3 571 393
1 546 344
1 520 361
1 567 385
2 457 401
1 487 355
1 489 349
3 566 403
1 478 344
3 560 414
1 466 361
4 472 387
3 505 433
3 561 368
2 513 407
1 556 343
2 542 424
3 560 374
4 501 341
3 562 364
2 507 412
1 466 360
4 479 378
1 458 396
4 480 388
3 536 428
3 509 336
2 554 420
4 500 341
1 554 340
4 479 388
4 462 403
3 505 430
3 562 368
2 550 426
4 465 411
1 552 346
1 465 361
4 505 337
3 557 346
4 475 345
1 536 350
3 568 407
4 476 347
4 475 347
4 478 376
3 555 370
3 565 362
1 489 348
1 473 352
3 564 363
4 463 392
4 504 337
1 464 361
4 456 399
2 486 426
2 471 417
1 532 352
2 481 435
1 565 354
4 479 434
3 573 398
3 558 346
4 474 358
1 493 346
1 527 353
1 542 348
3 505 429
3 565 360
1 500 340
1 536 349
2 530 415
2 519 410
3 559 346
3 555 420
1 525 364
3 556 419
2 556 420
3 553 372
2 462 405
2 533 427
4 475 426
3 510 339
2 564 413
1 571 392
1 472 349
2 565 410
4 498 343
3 511 339
3 566 360
3 557 371
3 571 396
2 570 410
1 460 393
3 554 425
1 466 359
2 543 427
4 469 356
3 561 414
3 568 411
3 561 374
1 566 359
4 487 382
2 475 430
2 492 430
2 512 404
1 570 392
1 462 393
4 467 352
4 474 430
1 502 340
1 489 347
2 485 428
2 486 427
2 535 429
4 473 372
4 479 420
1 548 345
2 570 411
2 549 425
3 562 366
2 543 428
2 532 424
2 531 426
2 569 410
4 471 387
2 514 409
2 524 418
4 479 436
3 552 424
3 569 407
3 570 388
1 504 336
1 456 398
2 492 431
2 516 401
4 481 375
1 562 350
1 506 334
2 530 416
4 462 402
3 512 339
1 473 351
4 485 380
4 474 384
1 496 348
2 478 434
2 486 428
1 525 363
2 502 432
1 563 351
4 480 377
4 478 431
1 461 393
3 568 387
2 565 411
1 556 342
2 473 412
4 477 434
3 570 405
1 469 349
2 557 415
1 559 345
3 504 432
1 548 344
2 543 429
1 515 362
2 496 432
1 475 344
4 455 399
4 468 356
4 499 340
2 479 437
2 570 412
3 556 370
3 565 383
4 479 377
1 470 348
2 565 412
4 478 388
1 477 344
2 496 433
2 513 408
2 502 433
4 478 420
1 558 345
3 557 342
1 540 350
2 507 413
1 461 392
3 509 335
4 467 406
1 459 394
1 545 346
1 555 341
4 479 425
4 461 402
3 570 391
3 566 382
3 560 358
4 468 370
3 565 413
1 565 353
1 485 351
2 545 426
1 474 352
4 460 402
3 504 434
3 552 426
4 478 378
3 566 383
3 572 400
2 570 413
3 563 379
1 559 344
1 463 365
2 536 429
4 474 374
1 503 340
1 553 340
1 556 341
4 503 337
1 493 345
2 518 404
2 565 414
1 547 343
4 457 397
1 565 352
4 476 385
4 466 410
4 464 363
4 477 431
1 517 371
3 549 421
4 504 339
3 571 411
4 502 342
4 474 426
3 555 425
3 564 379
3 555 340
4 484 380
3 556 348
2 559 417
2 504 435
1 485 350
3 571 391
4 471 383
2 504 436
4 473 426
1 512 336
1 542 347
3 563 364
3 505 432
1 508 334
4 456 401
2 560 417
1 549 343
4 467 356
2 548 424
3 571 405
1 548 343
2 486 429
1 569 387
4 477 420
3 558 349
1 544 346
1 543 345
1 539 353
3 506 333
4 465 371
3 560 345
2 559 418
4 456 400
1 516 353
1 500 339
4 462 366
2 473 427
2 531 427
3 506 433
4 461 403
4 501 342
4 485 386
1 556 340
3 563 380
3 564 404
3 573 400
2 467 415
4 470 417
1 477 343
3 563 417
3 572 411
1 461 391
3 509 334
3 562 416
2 567 412
2 534 429
3 572 405
1 531 354
4 455 400
4 478 436
3 566 354
3 567 382
3 566 355
3 506 430
4 472 427
1 542 346
4 479 435
1 476 344
4 456 397
4 464 413
2 544 426
1 531 353
4 504 334
4 477 376
1 541 354
1 567 381
3 570 408
4 464 367
1 523 363
4 460 403
1 498 342
1 565 351
4 483 380
4 455 398
1 491 345
2 499 432
4 477 378
2 521 416
4 475 385
3 513 339
2 455 401
1 569 386
3 513 337
1 534 359
4 478 437
3 557 420
4 463 363
3 562 415
4 478 432
3 564 357
2 551 428
4 471 381
2 468 414
4 465 360
1 550 344
3 568 406
2 512 405
1 509 333
3 572 399
2 533 428
4 478 425
3 561 345
2 494 434
4 469 351
2 503 435
2 481 436
3 571 388
3 565 363
1 471 350
4 461 404
4 474 385
3 561 375
1 487 354
4 467 357
3 552 427
1 487 353
4 461 405
4 475 428
1 510 336
4 464 412
4 468 349
4 473 390
4 473 358
3 567 403
2 540 425
1 557 341
2 553 426
1 527 352
3 505 436
3 568 382
3 560 418
3 572 393
3 557 370
3 565 357
3 564 364
2 548 425
4 463 361
2 501 432
1 479 345
3 574 400
3 510 333
4 460 405
1 516 352
1 570 387
4 476 420
2 570 414
4 472 358
3 560 346
2 560 419
4 468 351
2 522 417
3 566 353
4 472 372
3 510 335
3 557 340
4 477 425
2 540 426
1 499 339
3 480 437
4 454 398
4 461 366
4 480 375
4 463 413
3 564 417
2 524 419
2 486 430
4 468 355
2 535 430
2 556 421
4 466 369
4 466 350
1 484 347
2 479 438
3 548 422
2 457 402
2 535 431
3 563 415
2 506 434
4 477 432
3 563 402
3 481 437
2 543 430
3 564 401
4 486 379
4 477 436
1 548 342
1 519 363
3 573 393
2 554 426
2 525 412
4 474 345
2 529 414
2 561 418
3 561 419
1 485 349
4 480 421
1 478 343
4 474 428
1 505 332
4 471 373
1 483 348
1 559 343
3 562 375
1 541 353
4 478 438
3 562 419
4 463 367
4 467 353
3 567 359
4 478 377
1 471 349
2 514 410
1 543 344
3 514 339
1 560 344
3 556 369
1 567 358
1 457 396
1 465 359
4 470 387
3 505 435
2 475 431
2 525 413
2 509 408
3 561 367
4 464 408
2 485 429
4 460 404
1 485 348
3 506 332
3 570 386
1 531 352
4 474 431
4 485 379
2 533 429
3 554 372
3 557 421
3 544 430
1 477 342
2 553 427
3 555 347
4 460 392
2 552 428
3 568 381
2 551 429
1 463 360
3 557 348
1 480 345
2 541 420
2 467 416
4 466 353
3 556 425
4 505 338
4 466 416
3 480 438
4 486 382
1 465 358
4 472 426
3 558 420
2 569 411
1 456 396
1 465 357
1 543 343
4 477 388
3 568 385
1 561 344
2 483 432
4 481 422
2 551 430
4 476 432
3 574 398
1 520 360
3 507 332
3 566 351
4 463 408
2 499 433
4 470 373
2 514 411
1 506 331
1 477 341
3 567 353
3 573 411
3 507 433
1 550 343
1 455 397
1 494 346
1 504 333
4 465 350
3 555 376
1 531 351
1 504 332
2 464 414
1 472 348
1 518 362
3 567 355
1 567 352
2 557 422
4 476 434
1 505 331
3 571 387
1 503 336
3 569 397
2 506 435
2 525 414
3 572 396
4 453 398
2 502 434
3 575 400
3 571 409
1 509 332
3 568 353
3 571 412
4 473 430
1 526 361
3 573 399
1 572 392
3 551 423
4 476 343
4 473 428
3 563 419
2 501 433
1 553 339
3 566 362
1 460 391
2 493 432
3 559 420
1 468 348
4 462 408
1 490 351
2 535 432
1 469 348
4 461 408
1 552 345
1 508 333
4 472 430
2 498 435
4 473 431
3 558 370
4 476 425
3 555 426
1 512 335
3 506 436
1 497 345
3 573 392
2 469 417
2 468 415
3 573 396
3 562 345
4 478 435
1 548 341
2 478 439
4 503 332
1 506 330
4 464 357
1 501 340
1 566 350
2 560 420
4 467 370
4 468 417
1 503 331
1 471 348
1 466 349
1 536 348
3 571 386
1 560 343
1 574 397
3 565 379
4 477 435
1 461 365
4 465 368
2 455 402
1 464 356
4 465 410
2 473 432
4 504 338
2 473 433
4 462 363
1 474 344
3 482 437
3 552 429
2 456 402
4 467 348
1 545 345
3 564 415
4 476 376
4 462 360
3 571 408
4 472 390
3 507 330
3 507 331
3 565 395
1 500 338
1 470 347
3 571 413
2 513 409
4 479 421
1 497 344
4 477 438
2 568 412
1 486 349
2 498 436
4 463 356
4 471 426
1 515 361
3 568 358
4 471 390
3 574 392
3 563 366
2 478 440
2 475 432
4 462 361
2 525 415
4 467 355
1 534 358
4 479 424
1 526 360
3 556 347
3 573 405
2 475 433
2 575 401
1 506 329
4 471 372
2 513 410
3 562 367
1 531 350
4 465 369
2 519 411
4 472 431
1 511 337
4 454 401
1 545 344
3 569 382
3 574 411
2 502 435
3 572 388
3 569 358
3 513 336
4 460 408
2 458 400
2 472 432
4 478 424
1 521 361
1 529 358
3 556 426
3 574 393
1 541 352
3 567 351
4 472 433
2 540 427
4 463 362
4 458 394
1 465 349
2 557 423
3 479 439
1 514 338
4 477 423
2 550 427
2 530 417
3 566 379
2 536 430
2 529 415
3 569 385
4 458 395
4 463 412
4 476 423
2 537 418
2 518 405
4 459 393
2 470 418
3 575 393
2 524 420
4 453 401
3 565 417
3 566 395
2 570 415
2 511 415
1 483 347
3 566 384
3 572 409
2 534 430
2 475 434
3 553 429
3 572 386
3 567 362
4 470 372
4 464 359
1 534 357
2 481 438
3 565 364
3 576 393
4 461 361
3 571 414
2 502 436
4 467 351
4 452 401
3 574 396
2 543 431
4 454 397
1 477 340
3 482 438
2 455 403
3 563 345
2 516 402
3 553 428
2 547 426
3 575 396
3 566 364
4 499 338
4 476 342
3 558 341
3 567 379
3 568 352
2 536 431
1 471 347
3 573 409
3 554 339
2 489 432
4 477 437
1 486 348
3 575 411
4 466 406
2 567 413
2 546 426
1 462 359
3 561 420
3 568 362
4 463 414
1 527 351
4 471 433
1 552 344
1 518 361
4 461 363
2 574 412
2 472 434
2 484 431
1 556 339
1 575 392
1 545 343
4 471 432
3 507 436
3 559 370
1 542 345
3 558 371
1 523 362
2 573 412
4 476 388
2 458 401
1 460 390
4 471 430
2 485 430
1 516 351
2 565 418
1 496 347
3 566 357
3 515 338
2 456 403
1 459 392
1 540 349
4 464 371
4 470 383
3 563 367
3 574 409
4 473 384
3 508 330
3 510 332
3 552 430
2 492 432
1 499 337
4 472 384
1 463 355
2 525 416
1 544 345
3 570 385
2 457 403
3 572 387
2 566 412
2 498 437
2 497 435
2 505 437
2 472 435
2 556 427
2 529 416
1 496 346
3 508 436
2 541 421
3 565 404
1 550 342
1 481 347
2 467 417
1 468 347
4 460 366
2 551 431
1 491 344
1 517 370
4 476 437
1 469 347
3 574 399
3 558 421
2 571 415
4 473 385
4 475 342
4 466 351
4 475 343
1 512 334
3 559 371
1 478 342
4 471 427
1 484 346
3 554 429
2 536 432
2 557 424
4 480 422
1 488 349
1 482 347
2 540 428
3 560 371
4 477 439
1 525 362
3 479 440
2 463 415
4 503 333
3 508 331
1 466 348
2 462 409
4 462 413
4 461 409
4 462 362
1 567 350
4 479 422
4 460 361
3 507 329
4 454 400
4 461 360
1 475 341
3 508 329
4 498 337
2 517 407
2 457 404
1 489 346
2 538 421
4 471 384
1 503 330
3 570 382
1 548 340
4 465 348
2 534 431
3 564 365
4 484 386
2 481 439
1 553 338
2 481 440
2 499 434
2 573 413
3 567 395
2 527 414
4 464 349
3 575 397
2 532 425
1 542 344
3 575 398
1 550 341
4 457 395
4 504 335
3 576 400
4 476 436
4 466 417
1 560 342
1 509 331
3 569 352
2 457 405
2 565 419
2 463 416
1 528 354
2 545 427
3 514 337
1 461 359
3 568 359
1 478 341
4 465 406
4 471 435
4 465 353
3 576 398
4 456 395
4 459 361
4 470 430
2 485 431
3 569 381
1 565 350
2 483 433
1 546 343
2 522 418
3 567 354
3 511 332
2 523 412
1 487 352
4 454 402
4 462 412
2 530 418
4 470 427
4 475 376
3 554 428
3 562 374
3 555 428
3 576 397
3 483 438
1 537 361
4 478 419
2 546 427
3 561 342
2 488 427
1 504 331
3 548 373
3 568 350
4 466 370
3 557 339
4 469 430
3 507 435
3 566 418
1 539 352
4 470 381
2 523 413
4 497 337
3 568 354
2 486 431
4 463 349
3 567 357
3 577 400
4 474 341
1 576 392
1 462 358
3 510 331
1 537 360
4 502 331
3 572 391
4 464 369
3 572 414
4 502 330
2 556 428
1 526 359
2 482 439
3 567 360
1 577 399
3 552 431
3 562 377
2 538 422
2 529 417
2 482 440
2 509 409
2 471 436
2 529 418
2 479 441
1 522 370
2 531 428
4 485 382
4 479 375
3 572 408
2 477 440
1 559 342
4 470 426
1 524 364
2 524 421
3 571 382
2 503 436
4 469 427
1 462 357
2 554 430
2 461 410
1 549 342
2 550 428
1 554 338
2 563 420
4 475 420
2 526 422
3 563 368
4 464 411
2 574 413
1 562 344
3 557 428
2 530 419
3 549 373
1 455 396
3 561 346
4 462 349
4 467 354
2 456 404
2 560 421
1 539 351
2 512 406
4 462 367
2 514 412
2 456 405
1 529 357
3 564 420
3 509 329
2 479 442
2 539 424
2 462 414
2 534 432
4 465 417
2 555 429
1 506 328
3 573 388
4 498 338
4 501 331
3 562 378
3 484 438
3 577 392
3 514 336
4 460 365
3 568 379
1 456 394
1 453 397
4 476 346
3 573 391
2 562 420
2 547 427
2 572 415
3 557 347
3 563 344
3 569 406
2 572 416
2 537 419
1 571 381
3 561 371
4 478 422
2 486 432
1 545 342
2 518 406
3 573 415
1 527 350
3 558 339
1 516 350
3 577 393
3 571 385
2 475 435
3 578 392
3 562 394
1 493 344
1 466 347
2 541 422
3 567 384
4 469 387
1 536 347
3 564 344
3 556 376
4 475 423
1 505 330
2 527 415
3 563 375
2 489 433
1 553 337
3 564 366
1 471 346
3 563 394
3 553 431
4 459 365
2 462 415
2 469 431
1 572 385
4 481 389
1 532 351
2 510 410
1 545 341
2 455 404
2 474 432
1 478 340
4 458 365
3 573 414
4 462 416
2 529 419
4 474 429
4 455 394
3 555 430
4 459 391
2 569 412
2 508 437
3 564 367
1 540 348
3 566 363
4 466 354
4 469 383
4 464 350
3 568 360
1 464 348
4 474 420
3 576 401
2 550 429
2 534 433
4 483 386
1 574 391
2 506 437
4 473 429
3 568 351
1 525 361
4 502 336
1 499 336
1 567 349
2 559 421
2 524 422
2 469 432
1 574 390
1 492 348
2 476 438
4 465 351
3 559 341
2 512 407
2 523 414
3 562 346
3 568 389
3 568 355
2 516 403
4 458 361
1 519 362
3 509 330
2 497 436
1 454 396
3 483 439
4 451 401
1 462 348
3 573 416
2 456 406
3 569 351
2 533 430
3 567 364
1 451 400
2 462 417
3 557 376
2 521 417
4 473 344
1 493 343
1 458 360
4 478 442
2 497 437
2 487 428
2 467 418
2 529 420
3 570 352
2 470 431
3 564 375
3 572 382
4 464 351
3 535 433
2 472 436
3 566 417
2 575 412
1 577 391
4 472 344
3 565 366
2 467 419
1 565 349
4 498 336
3 510 330
4 471 434
2 526 423
3 484 439
4 458 392
3 569 379
2 556 429
2 468 418
2 498 438
3 573 385
2 479 443
4 455 395
3 574 388
4 454 399
1 494 345
1 542 343
2 526 424
4 475 438
1 532 350
3 510 329
1 459 360
4 465 370
2 510 411
1 570 351
4 473 345
4 496 337
1 462 347
3 508 435
4 466 352
2 557 429
3 565 344
4 469 373
4 454 395
3 512 332
4 503 335
4 470 346
3 568 349
2 466 418
4 505 328
2 466 419
4 468 427
3 567 417
1 534 356
3 559 339
1 538 357
1 566 349
2 451 402
1 544 344
1 507 328
1 508 328
2 550 430
1 486 347
2 483 440
1 528 353
3 565 420
1 484 345
3 568 417
1 491 343
4 472 429
2 494 435
3 561 421
2 475 439
4 463 371
3 564 394
4 450 401
2 565 421
4 471 429
1 490 350
1 534 355
1 461 358
4 471 344
2 554 431
4 478 375
3 556 430
2 564 421
2 499 435
1 488 348
3 562 342
2 511 416
4 474 438
1 462 346
2 551 432
1 498 335
2 572 417
4 464 370
2 469 433
3 569 355
1 578 391
4 497 338
3 576 411
4 476 340
2 500 431
4 496 338
2 475 440
2 511 417
3 558 340
2 492 433
1 456 393
2 468 428
3 578 400
4 477 424
4 474 439
3 566 366
2 471 437
3 564 368
3 566 419
2 549 426
2 550 431
3 567 363
1 537 359
4 462 356
4 463 351
4 497 335
3 575 388
2 467 420
4 466 420
1 471 343
3 565 368
4 470 344
1 500 337
4 475 388
2 484 440
3 576 412
2 477 441
3 511 333
2 472 437
4 505 329
4 474 440
2 531 429
4 498 339
2 507 437
1 557 338
2 539 425
3 558 338
3 572 381
2 500 432
3 570 407
3 569 362
4 461 413
2 466 421
4 477 422
4 457 361
1 493 342
1 478 339
2 556 431
1 518 360
2 487 429
2 575 413
4 473 440
1 545 340
4 480 389
1 524 363
2 560 422
4 465 354
4 476 422
2 526 425
1 544 343
3 485 440
3 558 424
4 477 375
4 462 371
4 455 405
1 466 346
3 568 363
2 482 441
3 577 412
2 521 418
3 569 389
2 466 422
4 469 381
4 457 365
2 502 437
2 567 418
3 573 382
3 480 442
1 517 369
1 454 394
2 520 407
3 560 370
4 459 366
1 483 346
3 579 400
2 574 414
2 470 432
2 480 443
3 570 355
4 449 401
2 500 433
1 507 327
4 473 439
1 451 399
1 491 342
1 519 361
4 463 370
2 542 425
1 484 344
1 526 358
3 575 409
4 476 375
3 558 429
3 570 389
1 467 347
3 566 368
2 548 426
3 563 378
2 511 418
4 474 342
2 496 434
3 578 399
4 464 354
4 475 375
2 508 438
1 465 347
1 462 345
2 561 422
3 513 332
4 463 411
2 565 422
1 570 350
2 546 428
3 576 409
1 560 341
1 530 363
2 484 441
4 467 427
4 453 394
1 547 342
3 573 408
2 452 402
3 577 409
3 513 334
4 477 442
3 570 406
2 526 426
3 574 385
3 558 348
3 570 379
1 494 344
3 550 373
3 578 412
3 565 367
3 578 393
2 476 439
1 549 341
3 574 415
3 567 383
1 462 344
4 469 372
1 478 338
2 466 423
1 485 347
3 570 358
3 565 365
2 555 431
3 574 382
3 567 368
1 501 330
4 503 334
2 487 430
2 577 413
4 468 381
4 506 327
1 563 343
2 564 422
1 558 337
4 467 381
2 452 403
3 571 351
4 453 396
4 461 412
4 473 342
1 481 346
1 464 347
1 496 336
2 459 400
4 504 328
3 568 383
1 489 345
2 542 426
1 517 368
3 568 357
1 531 349
3 515 336
4 470 343
2 530 420
4 454 405
3 576 388
1 460 360
4 482 386
1 451 398
2 472 438
1 479 344
2 558 430
4 461 345
1 525 360
3 508 327
1 558 336
1 485 346
4 452 396
4 477 338
4 473 341
4 465 419
4 474 388
2 489 434
2 533 431
4 465 420
1 569 350
3 558 376
1 483 345
4 465 352
1 467 346
3 571 389
4 458 366
1 452 395
4 472 341
1 486 346
3 557 431
2 494 436
2 453 402
2 451 403
2 456 407
2 452 404
4 450 398
4 476 424
1 537 358
1 564 343
3 576 396
1 576 387
3 536 433
3 559 429
3 579 391
2 522 419
2 456 408
4 461 344
1 573 381
4 460 410
1 469 346
3 514 334
2 453 403
2 520 408
2 507 438
3 579 399
2 550 432
1 574 381
4 450 402
1 487 351
2 523 415
3 562 371
2 562 421
4 450 403
3 485 439
4 481 386
2 542 427
3 564 380
4 461 356
4 502 333
3 565 375
2 536 434
3 514 332
3 578 409
3 558 431
2 456 409
1 541 351
3 570 362
2 472 439
4 452 397
1 579 390
2 485 441
2 542 428
2 472 440
1 514 331
2 461 414
4 452 394
3 580 391
2 528 418
3 558 347
1 496 335
1 475 340
3 575 382
4 457 392
3 575 415
2 470 433
2 544 431
3 511 330
4 502 334
4 458 391
2 463 417
4 451 394
3 559 337
4 455 409
2 550 433
1 489 344
2 580 392
4 466 427
1 483 344
1 516 349
1 488 347
1 464 346
4 473 374
1 576 386
1 475 339
2 470 434
3 577 398
2 548 427
2 485 442
2 470 435
4 455 406
2 487 431
1 477 337
2 487 432
2 566 420
2 523 416
3 551 433
1 559 336
3 564 345
1 498 334
4 472 374
2 536 435
3 512 333
4 464 368
1 533 357
1 498 333
3 574 416
4 474 376
3 564 378
3 568 368
3 486 441
3 569 349
1 507 326
1 571 350
4 475 425
3 552 432
2 463 418
1 456 392
3 577 388
2 452 405
1 548 339
2 531 430
4 472 385
4 495 335
3 567 419
3 571 362
4 469 434
4 460 345
4 461 367
3 552 433
3 509 437
4 462 411
3 568 419
4 476 442
2 566 421
4 500 331
1 569 348
3 559 430
2 468 429
3 565 356
2 530 421
2 495 433
4 471 438
2 545 428
4 465 422
2 465 423
3 572 389
2 485 443
2 449 402
1 521 360
1 556 338
2 568 420
2 520 409
2 548 428
2 530 422
3 566 365
4 494 335
4 462 370
3 512 330
3 509 436
1 513 331
3 567 366
1 474 340
3 577 387
4 464 353
2 554 432
3 565 345
1 564 342
4 456 365
1 488 346
4 451 395
2 507 439
4 451 397
1 506 326
2 542 429
4 474 339
2 464 415
4 505 327
4 468 383
1 477 336
4 469 343
2 481 441
1 500 330
3 579 412
2 502 438
2 576 413
3 568 403
2 463 419
2 561 423
1 572 380
1 524 362
2 556 432
3 578 413
2 454 406
1 474 338
2 466 428
3 581 391
4 468 387
3 557 427
1 475 338
1 453 393
4 451 396
3 566 367
1 521 359
3 571 379
4 503 328
3 570 349
3 569 419
1 449 400
1 557 337
3 579 413
1 565 343
4 479 389
2 552 434
4 473 339
4 469 426
4 460 359
3 580 399
1 574 380
2 570 416
3 566 344
3 577 401
1 514 330
1 530 362
4 468 431
1 531 348
3 487 441
2 567 420
4 449 398
3 581 392
4 454 409
2 553 432
4 476 336
3 575 414
1 539 350
1 489 343
1 503 327
4 457 366
2 546 429
2 534 434
3 515 332
3 568 364
1 577 386
4 465 427
3 560 337
3 574 405
1 511 329
1 475 337
1 523 361
3 571 407
3 510 437
2 554 433
2 543 432
4 464 423
3 582 392
4 471 385
2 476 443
1 450 397
4 453 406
1 496 334
4 473 376
2 505 438
4 471 439
4 470 439
2 520 410
1 543 342
1 504 327
4 484 379
2 500 434
4 469 439
4 470 437
1 569 347
3 569 357
1 554 337
4 467 429
4 466 381
4 457 391
4 465 421
4 450 395
2 480 444
3 555 433
1 580 390
2 473 441
1 541 350
4 462 419
3 576 415
4 461 357
3 559 340
4 448 400
1 459 359
3 557 425
1 577 385
2 509 438
1 553 336
2 528 419
1 488 345
1 525 359
1 450 394
4 502 327
1 482 346
4 493 335
4 463 354
4 468 430
1 507 325
1 501 329
3 568 384
2 498 439
4 468 432
3 481 444
1 514 329
1 453 392
4 479 444
4 502 332
2 568 421
3 558 427
2 477 443
3 566 422
1 534 354
3 568 366
3 555 372
3 571 406
2 473 442
4 463 353
1 559 335
2 471 440
4 450 396
3 576 414
3 559 338
3 577 397
4 500 329
1 537 357
1 537 356
1 510 328
1 503 326
2 465 428
1 463 348
2 503 437
2 469 440
3 567 367
1 458 359
4 448 401
3 537 435
4 475 424
2 522 420
3 516 332
3 563 374
3 561 337
2 485 444
1 455 393
3 572 362
4 460 356
3 566 345
1 572 361
2 453 407
3 560 336
2 507 440
1 500 328
4 472 442
2 508 439
1 513 330
3 569 354
4 472 339
4 472 342
1 517 367
4 473 340
1 495 334
2 504 437
1 573 380
4 459 390
4 468 343
1 510 327
1 464 345
4 455 408
4 467 431
2 448 402
4 447 402
4 460 413
1 507 324
1 565 342
3 559 376
1 489 342
2 513 411
3 579 393
3 577 415
4 482 380
3 569 359
1 542 342
3 508 324
1 523 360
4 461 347
2 567 421
3 561 336
2 545 429
4 465 381
1 554 336
2 454 410
1 571 349
2 511 419
4 460 358
1 536 346
1 566 343
3 558 428
2 505 439
2 540 429
1 489 341
2 568 422
2 454 411
2 502 439
4 464 352
3 508 326
2 461 415
4 499 330
3 559 428
1 488 344
1 473 338
4 497 333
3 572 406
4 452 406
1 527 349
4 461 419
4 476 378
4 455 365
2 515 401
2 490 431
2 552 435
4 459 413
4 472 376
3 488 441
4 459 356
3 569 363
1 571 348
2 507 441
1 477 335
2 492 434
1 553 335
3 569 360
1 482 345
1 570 348
1 524 361
1 479 343
2 493 433
1 572 360
4 463 364
1 486 345
4 494 334
1 532 349
1 551 345
4 475 378
3 560 429
2 485 445
3 508 441
1 511 328
1 573 379
4 460 357
3 560 430
4 451 406
1 456 364
4 463 352
2 540 430
1 521 358
2 466 429
1 461 343
4 468 372
3 560 338
2 574 417
2 459 414
2 462 420
1 470 342
4 473 388
3 580 393
1 488 343
4 469 342
2 490 432
4 466 431
1 533 356
2 543 433
3 578 387
4 465 431
3 561 370
1 544 342
2 510 438
3 578 386
3 580 413
2 555 434
1 504 326
1 533 355
3 486 442
3 517 332
3 570 347
1 558 335
2 581 393
2 542 430
2 531 431
3 487 442
1 465 346
4 461 362
2 512 408
2 572 418
2 449 403
2 518 407
4 457 359
2 456 410
4 448 403
3 566 404
4 468 433
3 556 433
4 468 426
4 498 330
4 474 425
4 458 414
3 573 360
2 506 438
2 532 426
1 473 337
2 563 421
4 475 336
2 572 419
2 515 402
1 469 341
3 567 365
2 469 441
2 456 411
4 484 445
4 478 444
4 461 420
4 501 327
1 499 329
1 504 325
4 463 350
2 553 433
4 449 396
4 464 427
3 509 324
1 460 344
1 486 344
2 485 446
1 567 348
2 574 418
1 498 329
2 486 443
3 578 385
4 459 345
2 502 440
4 464 422
2 556 434
3 570 354
3 557 434
2 498 440
2 489 435
3 488 442
1 485 345
2 448 404
4 468 342
3 575 380
4 455 364
2 508 442
1 497 332
3 579 386
3 582 393
3 572 350
4 464 431
2 458 415
4 467 372
2 557 435
4 481 380
4 461 371
4 461 349
2 507 442
3 557 426
1 541 349
1 548 338
4 464 421
1 535 350
4 463 431
3 574 379
2 554 434
3 581 399
2 481 445
2 477 444
4 460 343
4 454 364
4 476 335
3 562 370
2 518 408
4 472 388
4 460 349
3 509 442
4 467 432
3 567 343
1 552 343
3 580 400
1 456 363
2 548 429
2 541 423
2 536 436
1 570 346
3 573 350
4 458 390
2 546 430
2 449 404
4 460 412
1 472 338
3 515 331
2 490 433
1 453 391
1 516 331
2 513 412
4 449 394
3 568 395
4 480 386
3 557 433
3 565 394
1 472 337
2 578 414
4 448 394
2 467 433
2 460 414
2 482 442
4 467 383
3 574 408
4 471 442
4 458 413
1 562 341
3 578 415
3 565 378
3 579 409
2 575 416
3 557 432
1 530 361
3 570 357
2 543 434
2 581 400
4 459 412
4 469 437
3 578 401
1 519 360
3 566 375
2 554 435
3 559 427
2 488 443
4 446 402
3 570 363
3 564 402
2 458 416
3 571 357
4 468 341
3 566 356
2 567 422
2 487 443
4 474 336
3 511 437
2 486 444
4 454 365
3 575 405
1 564 341
1 449 393
2 522 421
4 456 359
1 522 369
2 506 439
1 529 356
3 581 413
4 468 373
3 569 353
1 542 341
4 470 442
1 572 349
4 456 366
3 561 430
3 566 342
3 579 401
4 449 395
1 519 359
2 559 431
1 521 357
1 454 363
4 458 412
2 471 443
4 466 432
3 569 383
1 512 329
2 555 435
1 557 336
1 477 334
1 539 349
2 452 407
4 459 358
4 458 356
3 576 380
1 542 340
2 467 434
1 567 342
3 568 365
4 483 379
4 457 390
3 571 352
1 532 348
1 525 358
2 490 434
3 568 343
2 564 423
4 447 401
1 535 349
3 579 414
3 572 348
1 490 349
1 464 344
4 455 359
3 511 327
4 448 396
3 560 428
4 484 382
2 475 441
4 463 422
4 470 384
4 473 425
1 524 360
1 464 343
1 534 353
2 534 435
3 562 336
3 571 346
1 509 323
1 473 336
3 579 387
4 458 345
2 578 416
4 460 419
3 571 354
1 541 348
1 572 347
3 575 381
3 570 359
2 552 436
1 573 349
2 563 422
4 471 376
1 539 348
3 571 358
3 575 417
1 508 323
3 571 359
1 556 337
1 558 334
1 533 354
3 570 383
2 538 423
3 566 378
3 576 417
1 519 358
4 476 444
1 493 334
1 504 324
4 462 352
3 575 418
4 457 345
1 554 335
1 537 355
3 568 342
1 519 357
4 460 362
2 523 417
2 457 406
2 462 421
2 531 432
4 467 373
3 569 342
1 484 343
2 576 418
1 514 328
4 478 389
3 489 443
1 464 342
2 556 435
1 539 347
2 466 433
3 509 439
2 544 432
3 567 356
3 490 443
3 569 365
1 482 344
2 523 418
1 547 341
1 537 354
2 522 422
3 573 347
4 483 382
2 565 423
2 521 419
2 580 414
3 580 409
2 487 444
3 571 410
1 511 326
2 502 441
3 575 408
2 453 408
4 461 417
1 559 334
4 466 434
1 467 345
3 513 333
3 582 400
2 532 427
1 478 337
3 572 354
3 580 401
2 537 436
1 492 347
1 571 345
3 569 364
1 519 356
1 523 359
1 546 342
4 470 443
3 572 410
1 527 348
1 487 350
4 499 331
1 463 347
3 517 331
4 457 415
4 477 377
3 573 361
4 461 352
3 579 415
2 493 434
3 573 406
4 479 386
3 574 349
4 453 410
3 562 337
1 529 355
4 467 387
3 574 360
3 574 361
4 446 401
4 448 398
1 575 379
4 457 356
1 562 335
2 538 424
4 460 420
2 510 439
2 483 441
3 581 401
4 467 341
3 508 325
3 512 327
1 541 347
1 520 359
2 574 419
1 571 344
3 581 414
2 529 421
2 493 435
2 498 441
2 570 417
3 563 377
4 452 410
2 567 423
4 463 423
4 462 423
1 454 362
2 452 411
3 569 421
4 462 351
1 504 323
4 503 323
2 531 433
3 556 372
4 465 429
4 453 363
1 452 393
4 451 411
1 552 342
2 531 434
4 467 430
4 457 414
2 464 432
2 547 428
3 515 328
1 509 322
2 483 442
2 507 443
1 565 341
4 463 432
3 516 328
4 478 386
1 468 340
4 450 411
1 466 345
1 490 348
3 579 416
4 447 396
4 502 323
3 569 422
1 566 341
1 460 342
2 463 433
4 474 424
3 514 333
2 504 438
3 509 441
4 471 337
2 571 416
1 461 342
2 580 415
3 486 445
2 525 417
1 515 327
3 560 427
1 526 357
4 460 367
2 500 435
4 466 341
4 474 378
1 460 341
3 561 429
3 512 437
2 580 416
1 520 358
4 447 403
3 583 400
4 459 420
1 479 342
1 582 391
3 575 349
4 457 413
1 550 340
2 515 403
1 475 335
4 508 322
2 497 438
4 446 403
3 582 414
4 447 400
1 522 368
2 545 430
2 481 446
4 471 374
3 563 370
1 488 342
2 467 435
4 449 411
3 510 441
3 551 373
4 456 415
3 570 342
3 580 387
1 555 339
1 525 357
4 469 442
3 582 401
2 542 431
3 574 406
4 455 366
1 562 334
2 553 434
3 583 391
1 511 325
3 512 325
3 578 397
2 459 421
4 456 345
4 456 414
3 577 418
2 457 416
1 516 327
3 561 338
3 581 409
4 480 380
2 499 436
2 473 443
2 577 419
4 461 423
4 447 398
4 470 438
4 451 410
2 542 432
1 546 341
4 479 380
4 480 445
1 498 328
3 567 378
4 454 366
3 578 398
2 455 410
3 573 362
3 570 421
3 582 409
2 547 429
3 559 424
3 510 322
4 448 395
1 546 340
1 461 341
3 569 366
2 535 434
4 451 405
1 447 395
3 581 387
1 534 352
4 456 413
4 462 431
3 575 360
3 577 380
4 469 443
3 572 344
4 500 327
2 480 446
3 577 396
4 470 337
3 518 331
3 517 327
3 488 444
1 508 321
3 569 395
1 511 324
3 562 338
3 564 374
3 517 328
4 468 440
2 499 437
1 569 341
2 575 419
2 521 420
3 563 335
2 506 440
1 535 348
1 520 357
3 573 410
2 491 431
1 515 326
3 561 427
2 478 445
2 484 446
3 560 340
4 503 324
2 460 421
3 563 371
2 571 417
4 497 328
1 530 360
3 516 326
4 479 446
3 560 424
4 462 422
4 459 343
1 469 340
3 560 431
3 581 415
3 583 401
2 550 434
1 483 343
2 561 431
3 572 357
3 579 397
4 459 367
3 576 360
3 576 382
1 536 345
1 569 340
1 449 392
3 580 412
2 465 432
1 503 322
2 470 444
4 502 324
4 459 344
2 498 442
2 502 442
3 570 395
2 548 430
2 578 417
2 470 445
2 580 417
3 582 415
2 457 417
2 494 437
4 458 358
4 456 361
1 563 334
4 472 425
3 558 425
2 447 404
3 570 340
3 569 343
1 451 393
2 525 418
2 478 446
1 530 359
4 466 435
4 468 441
4 468 437
1 474 335
1 471 336
4 445 401
3 581 416
1 549 340
2 557 436
4 453 365
4 453 366
4 466 373
4 461 431
4 460 431
4 444 401
2 575 420
2 485 447
4 459 357
2 469 444
3 558 436
3 572 407
2 583 402
3 569 403
4 477 389
4 458 421
2 514 413
1 530 358
3 572 345
4 461 346
4 502 322
1 534 351
1 503 321
2 530 423
1 501 326
4 469 337
3 487 445
3 572 359
1 484 342
2 452 412
2 513 413
1 515 325
2 542 433
2 450 412
1 510 321
1 448 393
1 514 327
3 571 383
3 574 410
1 451 392
4 468 439
3 576 349
3 568 423
3 562 430
2 460 432
2 458 422
2 494 438
1 530 357
3 562 427
3 563 430
4 458 357
3 582 413
3 572 351
3 573 345
4 459 349
4 465 373
3 570 403
1 445 400
3 577 411
4 477 386
1 531 347
4 458 344
1 548 337
4 496 333
3 576 420
4 498 331
4 452 391
2 551 434
3 578 396
2 578 418
3 573 348
1 580 386
2 571 418
3 568 367
4 459 432
3 582 416
4 459 431
1 506 325
3 489 444
2 472 443
3 578 388
2 462 432
1 532 347
2 449 412
1 536 344
2 534 436
1 555 338
2 536 437
1 498 327
1 445 399
2 511 438
3 570 365
2 456 416
3 517 326
3 584 400
3 575 410
2 557 437
3 580 397
1 573 344
3 575 361
4 465 435
1 537 353
1 577 379
2 573 417
3 577 360
4 473 424
4 448 411
3 560 376
1 580 385
4 460 352
1 478 336
3 581 390
4 451 407
4 460 371
3 582 399
1 484 341
1 582 390
2 552 437
4 461 348
4 470 336
4 455 345
2 523 419
3 583 416
1 557 335
2 501 434
3 581 412
2 471 444
2 472 444
3 574 347
2 456 417
1 541 346
4 467 426
4 497 331
4 453 409
1 446 400
2 534 437
1 464 341
4 464 435
2 568 424
4 501 322
4 457 360
4 446 404
2 488 445
1 513 329
4 460 423
3 574 350
4 464 381
1 469 336
4 453 362
1 571 343
1 481 345
3 564 370
2 495 434
3 574 345
2 544 433
4 456 356
4 497 329
2 552 438
4 455 413
2 561 432
2 582 417
1 566 340
3 585 400
2 492 435
1 460 340
4 461 370
4 463 435
3 574 348
2 501 435
2 534 438
2 536 438
1 448 392
1 496 332
3 570 366
1 485 344
3 574 362
3 557 369
2 563 431
2 517 408
4 463 368
4 447 394
1 472 336
1 453 361
2 500 436
2 482 443
4 457 357
3 578 411
3 584 391
4 461 351
2 490 444
4 468 442
2 445 402
3 511 321
4 462 350
3 566 394
4 470 376
1 528 352
4 464 428
1 505 326
4 455 416
1 553 334
3 518 327
1 499 328
2 526 427
4 466 387
3 573 351
2 528 420
1 525 356
3 508 440
2 509 443
4 450 410
1 520 356
3 584 402
1 563 333
3 581 397
1 453 360
4 495 332
2 459 433
3 573 359
2 510 442
2 569 423
2 572 420
3 572 346
2 461 432
3 583 390
4 455 356
1 529 354
2 454 412
3 575 348
4 448 412
4 469 384
1 453 359
2 562 431
1 475 334
2 452 413
3 515 329
2 469 445
3 570 353
2 487 446
3 552 373
2 525 419
2 489 445
3 576 408
1 578 384
4 450 406
1 485 343
3 570 423
4 476 377
4 472 424
4 463 369
1 498 326
1 575 347
3 570 341
2 491 432
4 459 342
3 561 428
1 541 345
4 462 418
1 471 335
1 471 334
3 573 346
4 445 404
1 494 333
3 579 384
2 452 414
3 518 328
1 473 335
4 457 344
2 454 413
4 462 354
4 497 330
2 491 433
3 486 447
2 544 434
1 502 321
2 483 443
4 457 421
2 547 430
1 557 334
4 471 424
3 572 343
2 512 438
1 507 323
1 571 342
2 518 409
3 569 367
3 585 391
3 576 405
1 562 333
4 461 418
4 444 399
3 512 324
2 558 437
1 575 346
4 459 423
1 572 342
4 469 376
1 505 325
2 551 435
2 555 436
4 456 344
4 460 347
4 443 399
4 449 397
3 572 383
2 567 424
4 468 384
2 559 432
1 478 335
2 577 420
2 516 404
4 443 401
4 467 437
4 447 392
4 473 378
1 568 341
3 577 405
4 474 375
4 497 326
4 482 379
4 471 425
4 456 357
1 445 398
2 463 436
2 498 443
2 533 432
2 578 419
3 584 401
4 451 414
3 573 354
2 511 439
4 449 406
4 464 373
1 549 339
2 463 437
3 578 420
4 468 444
2 474 441
3 510 443
3 565 370
1 492 346
3 581 386
1 457 343
4 458 431
3 569 424
2 469 446
4 471 339
1 466 340
3 567 394
1 553 333
3 571 363
2 557 438
1 443 398
1 505 324
4 467 384
2 542 434
1 581 385
3 573 383
2 555 437
1 471 333
2 477 445
2 490 445
4 453 364
3 575 350
3 564 333
2 515 404
3 564 430
3 571 403
4 467 441
3 565 333
3 564 431
1 484 340
3 558 434
1 507 322
2 511 440
4 471 388
4 442 399
1 528 351
3 572 358
1 502 320
4 442 398
2 571 419
1 508 320
3 580 384
4 446 394
1 525 355
2 501 436
1 468 339
3 576 410
4 462 368
1 537 352
3 578 380
2 514 414
1 480 344
4 462 369
1 501 321
3 560 339
4 465 387
2 485 448
2 474 442
2 486 448
4 482 382
1 529 353
2 483 444
4 455 357
2 508 443
2 512 439
1 463 346
4 456 390
4 466 383
1 455 344
2 517 409
4 441 399
4 452 362
1 530 356
1 485 342
1 451 391
2 569 425
2 453 411
1 453 358
2 553 435
2 503 438
1 492 345
2 584 403
1 571 341
4 462 436
2 487 447
4 470 334
3 579 418
2 473 444
3 585 403
2 442 400
3 573 342
1 494 332
2 563 432
4 459 371
2 472 445
4 451 362
3 574 351
2 557 439
2 479 447
3 571 355
4 448 397
3 582 385
2 560 432
2 457 422
3 582 412
3 558 439
4 452 408
4 461 368
4 470 388
1 566 339
4 463 428
4 445 403
4 466 372
1 574 344
2 511 441
3 518 332
2 454 414
3 572 341
4 451 413
4 472 378
2 541 424
2 506 441
1 572 340
3 564 377
1 460 339
2 566 423
3 511 322
2 576 421
3 576 347
3 565 431
2 585 404
3 583 392
2 581 417
4 466 441
3 578 360
4 470 333
4 444 402
1 545 339
2 555 438
1 520 355
4 481 379
1 468 338
4 470 424
2 569 426
1 501 320
4 496 331
2 444 403
3 582 387
1 555 337
2 471 445
3 563 338
2 567 425
4 496 326
3 559 434
2 493 436
4 462 435
3 579 411
1 569 339
2 479 448
4 458 420
1 497 325
1 510 320
1 534 350
3 586 391
2 524 423
1 467 340
2 503 439
2 531 435
2 573 418
3 510 323
2 540 431
3 566 370
2 535 435
1 586 390
2 570 424
4 476 386
4 461 354
4 467 442
3 574 342
3 559 436
2 514 415
2 514 416
1 547 340
4 480 379
4 451 408
3 582 386
1 484 339
2 577 421
2 541 425
3 564 432
4 441 400
3 573 357
2 533 433
2 517 410
1 510 319
3 511 319
4 450 362
3 587 391
3 562 429
4 458 367
3 578 405
2 469 447
4 461 350
1 586 389
3 577 349
2 498 444
3 511 442
3 576 381
2 479 449
4 459 339
3 512 440
3 579 360
2 577 422
2 486 449
1 559 333
3 573 341
2 581 418
4 463 427
3 583 399
4 461 436
4 458 432
2 463 438
3 585 402
1 447 391
4 466 442
4 500 321
4 441 398
3 553 373
4 461 369
1 450 361
2 582 418
3 567 375
3 583 417
1 542 339
1 497 324
4 468 376
2 496 435
3 579 398
2 446 405
2 557 440
1 466 339
4 450 407
1 516 325
3 571 395
3 562 428
2 456 418
4 493 332
2 568 425
2 585 405
1 476 334
2 481 447
3 512 321
4 469 388
1 449 391
1 523 358
4 476 389
1 549 338
2 576 422
1 503 320
4 469 424
3 572 395
3 577 410
3 575 351
2 474 443
4 465 434
4 462 427
3 574 359
2 483 445
3 564 335
4 468 337
3 580 398
1 555 336
4 478 448
4 447 411
1 572 339
4 467 337
3 583 418
2 470 446
4 467 444
1 451 361
1 441 397
2 496 436
4 458 339
2 493 437
3 583 413
1 559 332
1 587 390
3 488 447
4 466 430
1 581 384
1 569 338
4 463 381
4 446 411
2 567 426
3 565 374
2 533 434
4 468 447
4 470 425
4 461 427
1 519 355
3 571 353
2 493 438
2 563 433
4 440 400
4 458 423
4 499 321
4 449 407
1 566 338
1 549 337
2 471 446
3 583 414
4 458 433
1 495 331
4 500 322
4 469 425
1 587 389
3 582 397
4 446 396
4 452 366
3 578 410
2 502 443
3 570 425
2 571 420
1 442 397
3 579 388
4 501 323
1 517 325
1 466 338
2 505 440
3 559 437
4 500 320
4 445 396
1 448 391
4 444 404
3 575 342
4 452 359
2 507 444
1 520 354
1 507 321
2 495 435
1 481 344
3 491 445
4 440 399
4 479 379
1 587 388
2 443 402
3 511 320
4 449 410
2 497 439
4 448 407
4 450 408
3 513 324
1 452 358
2 463 439
2 540 432
3 573 340
4 464 434
3 584 416
1 458 338
1 503 319
2 469 448
3 557 372
1 519 354
3 575 362
1 461 340
2 471 447
3 570 338
4 457 433
3 576 346
2 510 444
4 445 411
3 512 441
4 465 442
4 448 410
3 487 449
4 496 325
2 464 436
4 466 444
3 572 353
3 572 363
3 576 362
4 462 353
3 571 423
3 561 376
3 573 339
1 515 324
1 507 320
4 470 374
4 465 372
2 488 448
3 572 352
1 512 320
4 460 368
3 583 412
1 477 333
3 583 386
3 586 403
4 468 425
1 550 339
4 457 338
2 537 437
3 516 324
1 584 390
1 536 343
1 505 323
2 469 449
1 565 332
4 456 421
1 546 339
2 524 424
2 568 426
3 564 334
3 573 353
1 525 354
4 460 346
3 586 405
3 574 340
1 570 337
1 574 339
2 456 422
2 568 427
2 511 443
4 466 426
1 484 338
1 506 324
4 464 429
3 585 401
3 565 335
3 519 328
2 535 436
1 542 338
4 473 375
3 576 342
1 576 341
1 478 334
3 574 353
4 448 406
3 577 342
1 471 332
1 493 331
3 588 391
1 520 353
3 560 436
3 580 411
4 451 359
1 457 337
4 445 405
3 488 449
2 542 435
4 468 388
4 475 389
4 467 447
2 537 438
1 583 385
3 572 423
2 501 437
4 475 386
4 440 398
3 579 380
3 566 333
2 450 413
1 490 347
4 459 340
1 461 339
3 574 383
3 565 334
2 465 443
1 557 333
1 507 319
1 468 336
3 570 426
1 484 337
3 573 407
3 587 403
2 567 427
3 554 373
4 468 446
2 445 412
1 538 356
4 496 330
3 577 341
4 465 444
1 518 326
2 444 405
1 581 383
1 558 333
4 461 435
3 576 350
1 471 331
1 548 336
1 505 322
3 573 343
3 579 410
4 456 343
1 547 339
2 556 436
1 580 383
1 548 335
2 488 450
3 581 411
1 500 319
3 574 407
3 586 401
2 462 437
2 521 421
3 489 449
4 478 380
4 454 344
2 471 448
3 558 372
1 566 332
1 471 330
1 497 323
4 455 421
4 467 376
1 442 396
1 516 323
2 515 405
4 455 390
4 450 359
1 456 342
3 519 327
2 458 434
4 474 389
2 458 435
3 584 386
4 495 325
3 564 371
1 492 344
3 569 368
1 558 332
2 542 436
3 565 371
1 559 331
2 560 437
3 574 354
2 569 427
2 532 428
4 443 405
4 455 342
3 583 409
4 465 441
3 571 424
2 485 449
3 578 349
1 583 384
1 474 334
3 519 326
4 496 324
2 568 428
1 451 358
1 508 319
2 448 413
4 466 384
1 491 341
1 464 340
4 495 324
3 570 364
1 472 335
4 454 416
3 566 334
1 545 338
1 523 357
1 529 352
3 583 415
4 455 343
3 579 396
1 565 331
1 453 357
1 467 336
2 508 444
1 549 336
1 585 390
2 510 445
4 443 404
4 470 331
2 560 438
1 494 331
1 521 356
2 443 406
1 454 343
3 559 372
1 442 395
3 568 356
2 448 414
2 480 447
2 516 405
2 573 419
4 439 398
2 522 423
4 449 361
2 542 437
4 454 342
4 465 426
4 466 376
4 467 388
1 497 322
2 487 450
2 584 417
2 481 448
2 485 450
1 534 349
2 466 445
2 498 445
2 478 449
4 460 436
3 583 397
2 449 413
4 466 336
2 492 436
3 515 330
2 529 422
1 494 330
3 583 387
4 467 425
4 459 352
1 574 338
4 457 431
2 516 406
3 584 418
2 567 428
2 441 401
2 577 423
4 465 383
2 499 438
3 571 366
1 538 355
3 568 394
1 565 330
2 515 406
3 587 405
4 460 370
2 510 446
1 560 335
1 487 349
4 447 407
1 570 336
2 467 448
3 569 428
4 456 338
4 456 337
3 520 328
3 584 415
1 492 343
3 580 360
1 526 356
4 496 329
2 461 437
1 456 336
2 523 420
4 468 424
1 485 341
2 483 446
3 581 360
2 526 428
2 582 419
3 580 396
2 475 442
4 463 373
3 584 384
4 464 441
1 494 329
3 585 415
3 571 337
3 585 416
2 445 413
2 463 440
2 454 417
3 571 425
4 468 449
3 559 439
2 540 433
2 578 421
1 501 319
1 572 338
1 475 333
3 516 329
2 517 411
3 512 322
1 463 345
4 456 433
4 464 383
4 470 385
3 512 442
4 444 411
3 578 379
4 454 356
4 462 428
3 558 440
2 491 446
2 445 414
3 585 386
1 473 334
4 467 449
4 452 363
1 577 340
3 580 410
2 534 439
1 445 395
4 484 450
2 573 420
3 567 370
4 453 356
4 460 350
2 522 424
2 549 427
2 511 444
1 454 341
1 584 383
4 461 353
4 499 320
3 586 402
1 559 330
3 586 400
2 467 450
1 441 396
1 486 343
4 442 402
1 507 318
3 574 357
4 449 359
2 557 441
2 577 424
3 566 331
1 506 323
4 496 328
1 554 334
4 446 407
1 526 355
3 561 438
2 476 445
2 564 433
4 441 402
2 569 429
4 453 341
3 575 338
1 531 346
4 452 365
1 566 330
1 450 358
1 519 325
2 562 432
3 489 448
2 577 425
4 457 435
2 484 451
2 491 447
3 489 450
4 493 329
1 460 338
4 448 361
2 526 429
4 464 443
2 490 446
4 499 319
4 456 431
2 577 426
4 453 344
3 517 329
3 579 421
1 486 342
4 460 437
2 456 434
4 451 365
4 481 382
1 562 332
1 565 329
2 486 450
2 531 436
2 453 412
2 579 422
2 534 440
4 455 431
4 453 342
4 454 431
1 547 338
1 483 342
1 527 347
1 479 341
2 464 444
1 445 394
2 445 415
1 492 342
1 511 318
2 561 439
2 510 447
4 494 325
4 455 418
2 572 424
4 458 352
3 577 408
2 549 428
4 483 451
1 543 341
4 466 425
3 566 329
3 567 332
4 446 392
2 440 401
1 440 397
1 511 317
1 463 344
1 512 319
3 513 319
1 460 337
2 467 451
4 458 349
4 470 332
1 453 340
1 570 335
2 473 445
4 465 384
1 561 335
3 584 414
4 444 413
4 469 331
2 467 452
2 518 410
3 561 437
1 530 355
4 498 321
1 519 324
2 586 406
1 530 354
1 530 353
3 576 348
4 453 416
2 523 421
3 581 398
4 496 322
4 464 442
1 520 327
2 477 446
3 571 364
3 513 442
4 445 392
4 442 404
1 450 357
2 529 423
4 454 418
3 560 434
4 462 438
1 493 328
3 513 322
3 558 435
1 440 396
2 440 402
4 467 424
1 566 328
3 583 419
3 568 332
2 481 449
4 450 365
2 557 442
3 576 361
1 468 335
4 470 330
1 463 343
2 522 425
1 474 333
2 440 403
4 462 355
1 523 356
1 546 338
2 487 451
2 584 419
3 573 363
1 512 318
1 519 323
4 459 368
2 519 412
4 452 364
3 586 386
4 459 347
3 579 379
3 513 321
3 580 380
3 568 375
1 483 341
4 467 446
2 489 451
4 449 357
2 570 427
4 441 404
3 587 402
3 572 337
3 588 388
1 531 345
1 489 340
3 566 374
3 587 386
1 533 353
3 578 424
4 462 440
3 570 429
1 547 337
4 468 331
1 482 343
1 524 359
2 482 444
1 472 334
3 512 443
1 517 324
4 463 444
2 574 420
4 456 435
3 558 369
2 530 424
1 564 332
1 559 329
3 569 332
4 459 346
1 499 318
1 572 336
4 455 337
1 588 387
4 463 441
4 469 374
4 449 365
1 540 347
1 501 318
1 468 330
2 530 425
4 457 420
3 574 343
4 444 392
1 447 390
1 573 338
4 445 407
1 453 339
2 497 440
4 442 406
3 514 322
2 502 444
1 570 334
4 469 333
3 578 423
1 445 391
4 466 388
2 483 452
1 446 391
4 444 391
4 457 349
4 461 438
2 498 446
3 577 362
3 571 335
3 571 427
3 584 409
2 509 444
4 459 370
1 497 321
3 513 320
4 448 357
3 578 408
4 458 346
4 463 383
1 545 337
4 465 430
1 573 337
2 443 407
4 447 393
4 449 358
2 485 451
3 513 318
2 460 438
4 464 384
1 490 346
2 531 437
2 512 444
1 538 354
2 502 445
4 453 431
3 581 380
2 458 436
1 441 395
1 464 339
1 548 334
1 473 333
1 502 319
4 463 442
3 490 450
2 465 445
2 456 436
3 584 413
3 578 426
2 583 420
4 498 318
4 447 361
2 499 439
2 458 437
2 446 412
3 520 324
4 447 410
1 579 359
4 478 379
2 470 447
2 583 421
2 507 445
1 549 335
3 575 344
3 573 336
3 588 386
3 587 406
1 449 356
2 518 411
3 512 317
1 578 348
3 581 410
3 577 381
1 442 394
4 457 352
4 452 340
1 579 358
2 481 450
3 575 345
1 563 332
2 530 426
4 455 435
1 454 340
2 575 421
3 582 411
2 583 422
3 577 346
2 552 439
4 460 351
4 457 432
3 584 420
2 475 443
2 536 439
1 508 318
3 579 424
2 557 443
4 466 446
4 447 357
3 587 401
4 469 332
1 515 323
2 503 440
3 578 341
3 589 387
1 502 318
3 558 442
2 537 439
1 546 337
4 459 419
1 582 384
4 449 362
2 549 429
1 452 339
4 465 376
2 571 428
3 569 375
4 461 440
4 455 434
4 448 359
3 571 334
1 458 337
2 502 446
2 510 448
1 542 337
2 494 439
3 582 380
4 446 357
4 459 350
1 557 332
3 579 341
4 456 420
2 583 423
4 441 406
3 588 402
4 438 398
1 486 341
3 555 373
4 452 341
1 570 333
2 510 449
2 514 417
2 510 450
2 452 415
1 524 358
4 466 451
2 452 416
3 589 391
1 493 327
2 553 436
4 462 381
2 517 412
2 522 426
1 451 357
1 544 341
1 502 317
2 501 438
3 571 365
3 556 373
1 571 333
4 466 424
3 568 370
4 453 418
1 462 343
2 447 412
4 453 343
3 584 412
2 520 411
2 578 427
2 438 399
3 578 342
4 466 449
4 458 371
1 562 331
1 446 356
3 583 411
2 454 432
4 444 412
2 556 437
4 452 344
2 484 452
3 579 348
3 511 447
3 575 343
4 448 365
2 481 451
3 569 370
4 451 340
2 512 445
4 492 327
1 548 333
3 578 381
2 579 425
1 498 317
4 445 357
2 559 440
4 496 321
4 457 437
4 464 372
3 579 342
1 502 316
1 490 345
4 456 349
4 452 431
4 472 375
4 444 414
2 443 408
1 515 322
1 569 331
4 457 346
1 529 351
1 546 336
1 523 355
2 475 444
4 451 416
1 523 354
4 458 350
3 585 420
4 443 411
4 465 388
4 460 348
1 461 338
1 520 323
1 489 339
3 514 319
3 576 344
1 454 339
4 452 418
4 480 382
4 464 430
4 464 387
2 566 424
2 564 434
4 456 346
3 584 397
3 567 329
3 570 332
3 579 408
2 445 416
3 574 363
3 521 327
1 570 331
2 531 438
3 583 380
3 514 321
4 457 423
3 572 364
4 459 348
2 562 433
1 536 342
2 561 440
3 584 385
3 572 428
3 579 381
4 471 375
4 441 394
1 587 385
1 499 317
1 571 332
2 583 424
2 540 434
1 481 343
3 511 448
4 491 327
1 515 321
4 455 422
1 520 322
3 521 323
4 458 347
3 575 354
4 456 423
2 495 436
3 570 370
1 566 327
1 563 331
1 529 350
2 542 438
2 554 436
4 445 356
2 519 413
3 580 348
2 512 446
3 565 377
3 585 397
2 536 440
4 470 375
1 439 397
2 557 444
2 473 446
4 492 328
4 462 444
4 439 396
3 585 413
1 544 340
3 560 372
3 577 347
3 572 365
4 454 435
4 454 421
3 580 341
4 455 349
3 573 428
4 460 427
4 456 437
1 441 393
2 500 437
2 568 429
3 574 336
4 443 392
1 475 332
4 455 420
1 496 320
1 538 353
4 440 393
2 509 445
4 457 350
2 551 436
2 522 427
4 457 347
1 541 344
1 529 349
3 576 343
4 467 335
2 484 453
2 515 407
2 570 430
2 576 423
1 541 343
2 445 417
4 497 317
2 521 422
4 440 406
1 453 338
3 575 336
2 555 439
3 572 366
1 441 392
3 561 436
2 522 428
2 461 441
4 451 418
4 490 327
2 556 438
4 469 334
2 549 430
2 538 425
3 521 324
4 455 436
1 472 333
4 466 448
2 555 440
4 443 391
3 566 431
2 479 450
3 585 417
1 537 351
3 573 364
4 460 440
3 576 354
1 545 336
4 464 426
4 465 451
3 558 443
1 567 328
1 546 335
3 559 443
3 588 406
3 578 346
4 439 406
4 468 333
3 514 320
4 455 423
3 562 376
4 466 452
2 524 425
3 584 411
1 520 321
1 451 339
2 469 450
1 577 339
2 547 431
3 581 396
1 513 317
3 561 372
3 586 413
2 538 426
4 444 417
4 439 402
3 515 319
1 504 322
2 466 453
4 464 376
1 516 322
4 469 385
1 446 355
1 570 330
3 516 319
4 468 332
1 543 340
2 462 445
4 466 335
2 531 439
4 494 324
3 582 396
3 585 409
3 583 396
4 438 402
3 565 432
3 584 421
3 586 409
4 460 353
2 474 444
1 510 318
1 579 340
3 573 366
3 572 333
1 550 338
1 464 338
3 574 337
3 571 331
1 578 340
3 566 432
4 479 382
3 562 436
3 576 338
1 585 385
2 505 441
3 578 339
3 572 355
4 454 337
3 586 417
2 496 437
3 577 354
4 447 359
2 568 430
2 553 437
2 484 454
3 517 319
1 541 342
2 564 435
2 491 448
2 505 442
4 461 445
3 503 316
2 587 407
4 454 422
3 571 330
3 588 403
1 547 336
1 489 338
4 465 446
2 452 432
1 487 348
1 443 390
3 562 437
3 580 359
4 495 321
2 495 437
1 569 330
4 451 431
2 466 454
1 482 342
2 480 448
2 458 438
1 541 341
2 518 412
3 562 440
2 532 429
3 567 374
3 586 415
4 457 438
2 473 447
4 464 451
1 445 355
2 557 445
1 444 390
2 449 414
4 444 356
2 578 428
3 577 382
3 572 332
2 445 418
4 451 341
2 479 451
3 485 453
3 562 372
1 487 347
3 584 423
3 573 365
3 581 348
2 558 444
2 508 445
3 571 429
3 587 400
3 587 415
2 530 427
4 469 375
4 453 435
1 580 340
2 477 447
3 566 377
4 444 357
1 523 353
3 567 327
4 439 403
1 491 326
2 460 441
3 589 386
4 466 447
3 579 339
3 580 342
3 577 338
4 444 355
2 501 439
2 464 452
2 552 440
3 568 327
1 571 329
2 555 441
4 438 406
4 458 419
1 525 353
2 512 447
4 459 353
2 529 424
4 462 442
3 522 324
2 474 445
2 507 446
3 581 340
3 522 323
2 551 437
4 478 382
4 442 411
4 452 360
3 579 349
3 585 411
4 438 397
1 449 355
1 587 384
4 462 373
3 581 341
2 445 419
4 450 431
3 520 325
3 521 325
2 580 418
2 449 415
2 438 407
4 443 412
4 457 371
4 454 345
4 453 345
3 570 375
4 465 453
2 458 439
3 568 378
2 496 438
1 532 346
3 572 334
2 548 431
2 574 421
2 484 455
2 495 438
4 458 348
1 556 336
2 494 440
4 461 373
3 578 354
4 453 421
2 515 408
3 588 415
3 515 320
2 449 416
3 572 429
4 447 365
4 444 415
4 457 348
1 486 340
2 545 431
3 559 442
3 581 342
1 499 316
1 493 326
2 544 435
1 464 337
4 496 323
4 446 410
3 562 438
4 443 357
2 512 448
4 442 405
1 470 329
1 449 354
3 588 407
2 471 449
2 472 446
2 553 438
2 531 440
1 493 325
2 588 416
4 458 370
1 531 344
1 454 336
3 585 419
3 590 391
2 555 442
1 583 379
4 443 417
1 470 328
2 576 424
3 577 350
2 571 430
2 498 447
4 460 369
2 465 454
2 553 439
3 567 432
2 575 422
3 590 387
4 443 414
2 509 446
4 459 440
1 463 342
1 483 340
4 490 326
3 582 340
3 573 355
3 572 330
4 438 396
4 456 348
2 520 412
4 465 448
1 459 338
3 521 322
4 460 445
2 547 432
3 566 371
4 457 439
3 563 376
1 532 345
2 563 434
1 486 339
3 575 357
4 454 434
2 489 452
1 458 336
4 466 450
4 452 409
2 496 439
3 563 436
2 459 441
4 442 391
1 513 316
1 561 334
2 501 440
4 463 443
4 465 449
1 560 334
4 452 338
1 545 335
1 466 334
4 463 372
4 459 445
3 574 366
1 572 329
2 544 436
3 586 397
3 580 425
4 451 366
4 467 332
4 461 428
1 537 350
4 452 342
2 450 432
4 455 346
4 437 399
2 473 448
1 512 316
1 505 321
4 461 444
4 445 410
1 498 316
1 448 356
3 521 321
4 464 449
4 448 354
4 477 379
1 472 332
3 572 430
2 476 446
1 466 333
2 541 426
3 589 416
3 585 421
1 508 317
1 469 330
2 442 412
4 441 391
2 585 422
3 589 407
1 463 341
2 530 428
2 483 453
4 461 381
2 464 453
1 556 335
2 460 446
2 449 417
2 516 407
3 569 356
3 587 409
3 558 441
3 514 318
2 466 455
4 443 413
3 573 332
3 580 349
1 566 326
2 531 441
1 589 385
3 586 419
4 451 364
3 584 380
1 560 333
1 488 341
4 452 435
3 570 368
4 455 348
3 563 372
4 441 411
2 506 442
4 449 431
2 503 441
2 447 413
4 459 427
4 440 392
4 460 428
3 585 414
3 559 444
2 522 429
2 490 451
3 577 361
1 461 337
4 459 351
3 559 369
2 475 445
4 465 424
2 498 448
2 477 448
1 448 353
4 447 353
2 533 435
4 444 419
1 573 331
4 465 335
3 573 430
3 573 333
3 570 367
2 553 440
3 485 454
1 460 336
3 587 417
2 585 423
4 477 380
3 591 387
1 562 330
2 541 427
3 511 449
3 576 357
3 562 439
1 497 316
4 456 352
2 543 435
1 522 322
4 471 378
4 437 402
2 500 438
3 586 414
4 455 433
3 585 418
2 449 432
3 575 337
3 560 443
2 481 452
4 456 438
4 459 446
2 457 440
2 452 436
2 569 430
4 454 420
4 453 420
3 571 370
2 469 451
3 570 356
2 447 414
3 513 447
1 481 342
2 537 440
1 454 335
4 465 455
1 585 384
1 443 356
3 578 350
1 491 325
3 590 386
1 472 331
2 526 430
1 507 317
2 531 442
3 580 408
4 442 413
3 560 442
1 521 320
3 523 322
1 478 333
4 439 393
1 453 337
2 546 431
4 469 329
4 456 440
1 509 321
4 437 406
3 563 440
2 571 431
4 442 357
2 457 441
2 460 447
3 585 383
3 589 402
1 560 332
4 498 319
3 567 326
4 437 398
2 523 422
2 483 454
4 497 319
4 463 384
4 464 424
1 565 328
1 503 315
2 513 448
1 557 331
4 463 424
4 474 386
1 556 334
1 551 344
4 440 411
4 496 316
2 520 413
1 491 324
3 575 353
4 452 343
4 477 382
2 481 453
2 437 407
3 574 365
2 476 447
3 571 375
3 577 357
2 462 446
1 564 331
3 559 441
3 518 319
4 451 338
3 574 430
4 464 448
4 463 451
1 446 354
1 457 336
1 477 332
4 459 447
3 560 441
2 526 431
1 472 330
1 454 334
4 476 380
2 518 413
2 517 413
3 588 390
3 588 405
4 451 360
3 564 376
2 534 441
3 589 388
3 561 442
2 565 433
1 460 335
2 573 431
1 454 333
3 576 337
3 578 347
3 575 365
3 569 378
2 454 436
2 491 449
4 465 425
3 590 402
