10000
512 384
513 384
512 385
513 385
1 512 383
3 514 384
3 515 384
3 516 384
2 513 386
3 517 384
4 511 385
2 513 387
3 514 387
2 512 386
3 514 386
2 512 387
4 510 385
2 513 388
3 513 383
1 512 382
2 513 389
3 514 389
2 514 390
4 509 385
1 517 383
1 512 381
1 512 380
2 514 391
3 515 386
3 518 383
3 518 384
3 515 387
4 511 382
2 513 390
3 514 388
2 517 385
4 512 388
4 510 382
3 519 384
4 511 383
3 513 381
2 512 389
1 516 383
2 512 390
1 511 381
2 510 386
2 513 391
3 520 384
2 518 385
1 514 383
2 510 387
3 515 389
2 517 386
3 513 382
1 509 384
1 511 380
4 511 390
2 510 388
1 515 383
2 518 386
2 512 391
2 509 386
2 510 389
4 510 383
3 513 380
4 509 388
4 508 388
4 508 384
1 513 379
2 511 391
1 515 382
4 509 389
4 509 382
1 508 383
1 517 382
2 512 392
4 508 386
3 516 387
4 507 384
3 519 386
3 515 391
1 517 381
3 521 384
1 508 382
1 507 383
2 507 385
2 519 387
2 508 389
1 507 382
3 520 386
4 506 385
2 511 392
3 521 386
1 518 382
3 519 383
1 515 381
1 514 382
2 517 387
4 512 379
3 518 381
1 518 380
4 507 386
1 509 381
1 507 381
2 510 390
4 507 389
2 516 388
3 522 386
3 516 389
4 506 384
3 519 381
4 510 380
2 517 388
1 509 380
2 517 389
4 508 380
1 514 381
3 519 382
2 506 386
3 520 387
1 520 383
4 505 384
4 505 386
3 520 382
2 507 390
4 507 380
2 505 387
2 512 393
1 506 383
4 510 391
3 516 391
1 508 379
3 521 383
2 510 392
4 507 379
2 521 387
2 508 390
3 522 387
2 519 388
3 520 381
3 519 385
2 521 388
2 522 388
2 521 389
3 515 390
2 517 390
3 523 386
3 523 387
4 505 385
3 524 387
4 506 389
4 511 393
3 522 383
1 510 379
3 521 381
4 505 389
4 504 385
4 506 382
3 522 384
3 520 385
3 521 385
2 517 391
3 524 386
4 506 390
3 525 387
1 518 379
1 507 378
4 506 381
1 508 378
3 518 390
4 505 381
4 505 382
2 523 388
3 522 385
2 505 390
3 523 385
2 509 390
2 524 388
3 525 388
2 518 391
2 506 391
4 509 392
4 504 387
2 508 391
3 513 393
3 526 387
1 522 382
1 522 381
4 510 393
4 504 382
3 519 390
1 511 379
4 504 389
1 516 382
2 516 392
3 524 385
1 509 379
4 506 379
4 509 393
2 514 392
2 525 389
2 516 393
1 509 378
2 504 390
2 524 389
1 517 380
1 519 380
1 516 381
4 505 391
3 525 386
1 504 381
1 518 378
1 515 380
1 507 377
2 520 388
3 517 392
1 522 380
1 517 379
4 505 379
2 520 389
2 525 390
4 506 378
4 507 388
3 523 383
2 513 394
4 503 390
3 523 381
3 508 377
2 520 390
3 523 382
1 519 379
3 524 381
2 520 391
2 521 390
3 526 389
3 524 383
2 508 392
3 526 386
2 517 393
3 523 380
4 506 377
4 505 383
1 508 376
4 506 388
3 527 389
2 506 392
2 519 391
2 510 394
1 522 379
3 518 393
2 522 389
4 508 393
2 525 391
4 509 394
4 503 385
1 515 379
3 509 377
3 525 385
2 512 394
2 520 392
4 505 377
2 520 393
1 524 380
2 519 392
3 524 382
3 509 376
4 507 393
1 521 380
3 521 393
1 526 385
1 517 378
1 524 379
2 513 395
2 511 394
3 525 379
4 503 389
3 514 394
3 526 391
1 525 378
4 504 384
4 504 377
1 519 378
2 527 390
2 511 395
4 504 379
4 503 377
3 528 390
3 521 392
3 525 380
3 525 381
4 505 392
2 516 394
1 519 377
1 509 375
3 526 380
4 505 388
3 528 389
3 522 392
3 525 382
3 526 382
3 527 386
4 503 382
2 510 395
3 528 386
2 517 394
3 526 388
4 503 387
4 508 375
1 527 385
1 510 378
2 519 393
2 507 394
1 518 377
4 506 393
4 502 389
4 502 385
1 517 377
1 510 377
3 526 379
2 521 394
4 504 388
3 527 391
4 503 384
2 518 394
1 522 378
1 516 380
3 522 393
3 527 382
1 524 378
4 509 395
4 503 381
1 519 376
4 502 384
3 522 394
2 514 395
2 511 396
1 522 377
1 513 378
3 526 381
4 504 383
1 525 377
3 527 379
1 527 378
1 523 379
4 503 388
3 523 394
4 502 382
2 504 391
4 501 385
2 519 394
2 508 394
1 526 378
4 503 391
3 527 387
2 517 395
3 523 393
2 528 391
1 506 376
1 505 376
2 512 395
2 522 395
1 515 378
4 510 396
3 520 376
1 513 377
2 517 396
4 502 387
1 523 378
2 521 395
3 528 385
4 503 379
1 514 380
4 501 384
1 513 376
3 527 381
4 502 379
2 504 392
2 506 394
3 510 375
1 517 376
1 525 376
3 527 388
3 523 384
4 505 378
2 522 396
3 528 387
2 501 386
3 527 380
2 526 392
2 506 395
2 521 396
1 528 384
4 501 379
2 504 393
2 525 392
2 523 395
3 528 381
1 528 380
4 504 378
4 503 392
1 512 378
2 523 396
4 503 378
2 517 397
1 520 375
3 524 393
2 513 396
4 504 376
1 514 379
2 517 398
4 505 395
3 528 379
1 523 377
1 525 375
2 525 393
3 526 375
2 514 396
4 500 386
1 507 376
4 505 394
4 502 391
2 513 397
4 501 387
4 501 389
1 510 374
4 502 381
2 510 397
1 506 375
4 503 393
1 510 373
2 512 396
4 504 395
2 511 397
4 506 380
1 512 377
3 526 377
4 502 377
2 511 398
4 509 374
3 518 397
3 529 389
1 501 378
3 528 382
3 519 397
3 520 397
2 511 399
4 503 395
3 529 386
1 501 377
4 500 378
1 508 374
1 519 375
4 509 396
3 529 390
1 500 377
4 500 387
4 503 376
2 521 397
4 500 384
4 499 386
2 519 398
1 511 378
3 530 390
4 502 393
2 509 397
3 528 388
1 515 377
4 505 375
1 502 376
1 526 374
4 501 393
3 520 398
4 500 393
1 510 372
1 515 376
2 526 393
3 527 375
4 503 383
3 530 386
3 524 395
2 504 396
1 527 374
4 501 376
3 531 390
3 522 397
4 509 373
1 522 376
4 508 373
1 510 371
4 499 378
1 521 379
4 501 382
4 500 376
1 514 378
2 506 396
4 503 396
4 502 388
2 515 392
3 512 399
2 517 399
1 499 377
4 502 395
3 529 380
3 527 377
2 519 399
2 520 399
1 520 374
1 523 376
1 519 374
3 528 377
1 526 373
3 529 379
1 531 389
3 529 391
2 511 400
4 499 393
4 508 397
1 528 376
2 499 394
4 500 382
1 530 385
2 519 400
4 498 386
3 529 377
3 530 377
1 523 375
3 531 386
4 510 398
4 504 375
2 512 400
4 500 385
3 532 390
3 527 393
3 511 371
4 503 375
3 525 395
3 521 398
2 509 398
3 529 382
1 509 372
1 530 376
1 515 375
2 514 397
3 525 383
2 506 397
4 499 385
1 517 375
2 516 395
3 533 390
3 526 383
2 533 391
1 503 374
3 530 382
1 503 373
1 502 375
3 529 388
1 500 375
2 516 396
2 528 392
4 501 388
2 522 398
1 510 370
2 505 396
1 520 373
3 528 378
3 528 393
2 519 401
4 505 380
2 503 397
3 531 376
3 529 387
1 513 375
4 501 391
4 498 377
4 502 373
4 518 401
2 527 394
2 500 394
3 520 401
4 497 377
4 497 386
1 524 377
4 502 392
1 497 376
3 511 370
4 509 371
4 496 377
4 496 386
4 498 385
3 528 375
4 504 380
1 519 373
3 521 401
1 526 372
3 530 379
4 502 374
2 500 395
3 521 399
4 508 372
1 518 376
3 527 373
4 495 386
1 514 377
2 531 391
1 517 374
3 531 377
1 498 376
1 521 378
3 522 399
4 500 391
3 512 370
3 526 395
4 501 381
3 523 399
1 517 373
2 531 392
1 516 379
3 527 395
2 515 393
4 500 381
3 527 372
4 498 393
4 501 374
2 531 393
2 504 397
1 529 376
3 527 383
2 525 396
2 496 387
3 529 384
3 530 387
2 525 397
2 518 402
1 509 370
2 515 394
2 528 394
4 503 380
2 522 400
4 499 395
2 533 392
3 513 370
2 506 398
1 507 375
1 523 374
2 531 394
1 528 374
3 526 396
3 524 399
2 496 388
2 503 398
2 500 396
1 513 369
3 532 377
1 511 369
2 522 401
3 532 394
3 529 375
2 498 394
4 507 372
1 516 378
1 509 369
4 502 380
1 518 375
3 519 402
4 500 374
2 510 399
1 502 372
3 530 380
2 520 402
1 512 369
1 496 376
3 531 387
2 502 396
1 502 371
2 527 396
4 499 374
2 533 393
3 528 373
4 510 400
1 501 373
1 518 374
2 526 397
4 494 386
2 526 398
2 521 402
3 532 387
2 500 397
1 519 372
3 529 378
2 503 399
4 517 402
4 495 376
3 530 384
4 517 401
1 500 373
1 517 372
4 500 389
4 499 381
2 533 394
4 502 390
2 507 395
1 521 377
1 515 374
1 498 375
2 521 403
3 533 377
1 520 372
4 500 379
4 502 398
2 507 396
3 532 376
2 518 403
2 517 403
1 498 374
4 494 376
3 523 400
2 495 387
1 501 372
1 509 368
3 529 373
4 499 391
3 524 400
2 501 394
3 534 390
2 530 391
1 516 377
3 531 384
2 532 395
2 499 396
2 508 398
2 515 395
2 531 395
4 500 372
1 499 373
2 515 396
3 510 368
1 516 376
2 518 404
2 508 399
3 532 389
1 513 368
1 495 375
4 498 395
4 501 380
1 508 371
1 500 371
3 519 404
4 499 382
2 529 392
3 527 397
2 508 400
1 512 368
4 516 401
4 499 389
2 527 398
3 514 368
4 498 391
2 500 398
3 528 383
4 497 391
3 522 402
4 517 404
3 528 372
3 529 383
4 508 368
1 502 370
3 525 399
1 522 375
2 527 399
2 519 405
1 522 374
3 534 391
3 523 401
1 514 367
4 497 394
2 499 397
3 530 388
2 507 397
4 507 400
2 495 388
3 520 405
1 531 375
1 526 371
3 534 393
2 526 399
2 512 401
4 516 402
2 508 401
4 518 405
4 499 379
2 528 395
3 515 368
1 499 372
3 534 377
3 528 396
1 504 374
2 506 399
2 508 402
1 500 370
3 530 383
1 532 375
1 517 371
3 535 377
2 498 396
4 498 397
4 501 392
2 512 402
1 516 375
3 524 401
2 506 400
3 528 397
4 497 393
3 529 397
4 498 379
2 508 403
1 508 367
3 525 401
3 531 388
1 502 369
3 515 367
2 519 406
1 519 371
3 528 398
1 533 376
2 525 402
1 494 375
2 534 394
3 521 405
3 531 383
3 526 402
1 495 374
2 533 395
3 532 388
1 503 372
2 511 401
3 532 384
4 498 389
4 493 375
2 501 395
4 507 368
1 527 371
3 514 370
4 507 403
2 511 402
4 498 382
2 493 376
2 500 399
4 498 372
1 522 373
1 532 374
4 496 391
3 527 402
2 496 392
3 534 395
2 524 402
4 507 401
2 516 403
4 497 389
2 516 404
1 505 374
2 529 398
3 529 396
4 507 367
1 516 374
3 531 382
1 506 374
1 521 376
3 531 380
1 535 376
4 499 384
4 498 378
3 533 388
1 530 375
4 497 396
4 496 389
1 507 366
1 494 374
2 533 396
4 495 377
3 532 386
2 521 406
3 534 392
1 494 373
3 534 396
1 507 365
1 506 373
4 518 406
3 514 369
3 528 402
3 529 381
1 502 368
4 498 381
3 533 389
1 512 367
1 521 375
4 496 396
1 526 370
1 510 367
1 523 373
4 506 365
1 499 371
4 501 390
1 528 371
2 505 397
4 497 381
2 502 399
2 512 403
3 533 387
3 531 379
1 499 370
4 497 379
2 521 407
1 504 373
2 522 403
4 496 381
4 515 404
2 493 377
4 492 377
3 508 365
2 525 403
3 535 394
3 532 383
2 523 402
3 535 393
3 530 398
2 503 400
4 499 399
3 536 394
1 524 376
2 525 404
3 532 380
1 494 372
3 509 365
1 518 373
4 506 366
1 508 364
4 498 370
3 532 382
2 513 398
2 522 404
4 491 377
1 529 372
2 515 405
2 533 397
3 535 391
4 506 367
2 519 407
1 522 372
1 515 366
3 515 369
1 525 374
2 514 398
1 491 376
3 516 366
1 533 375
2 493 378
1 533 374
4 498 371
2 497 397
3 535 390
3 516 367
2 523 403
4 494 388
2 505 398
3 532 379
1 530 374
1 521 374
1 524 375
4 497 370
1 526 369
4 507 364
2 525 405
2 518 407
4 502 400
3 530 381
2 521 408
2 518 408
3 530 378
2 531 396
2 519 408
2 515 406
1 535 375
2 491 378
2 508 404
1 513 367
2 498 398
3 531 385
1 536 393
1 522 371
2 515 407
2 514 399
2 529 399
4 507 404
3 530 373
3 509 364
3 531 381
2 511 403
3 531 378
4 490 376
1 525 373
1 521 373
3 533 386
1 522 370
1 517 370
3 525 400
4 506 404
2 503 401
1 533 373
4 517 408
2 528 403
4 493 374
4 502 383
2 525 406
1 495 373
4 496 370
2 530 399
3 533 380
3 526 400
2 525 407
1 498 369
3 517 367
4 490 378
4 493 373
3 526 407
3 529 403
1 518 372
4 497 369
1 533 372
3 527 369
4 497 385
2 504 398
1 498 368
1 503 371
1 510 366
4 489 378
1 535 374
3 534 380
1 510 365
3 516 368
2 523 404
1 509 363
2 507 405
4 502 401
2 509 399
4 497 382
4 492 373
1 494 371
2 495 389
4 505 366
3 536 391
4 496 379
1 498 367
3 527 400
3 534 389
4 497 398
3 537 391
4 514 406
2 507 406
4 496 397
3 535 395
2 489 379
1 524 374
1 493 372
1 537 390
2 507 407
4 506 407
1 505 365
1 516 365
4 491 373
1 495 372
2 499 400
2 528 404
3 527 407
1 512 366
3 538 390
4 495 370
4 505 407
4 495 381
4 516 408
3 534 388
3 532 378
4 496 369
1 503 370
1 496 368
2 536 395
1 520 371
2 529 404
4 506 405
4 492 375
4 506 364
2 490 379
1 492 372
3 510 363
3 531 399
3 528 407
2 504 399
2 500 400
3 533 379
4 491 375
1 527 368
4 500 380
2 499 401
4 506 403
3 529 407
4 494 370
1 505 364
4 504 364
2 491 379
3 537 395
4 496 394
1 491 372
3 538 391
4 494 387
1 524 373
3 518 367
1 490 375
3 535 380
4 506 406
3 526 406
4 498 399
2 538 392
2 509 400
2 511 404
3 533 383
3 535 389
1 494 369
4 493 371
3 528 369
1 496 367
2 537 396
2 505 408
1 516 364
2 493 379
3 530 403
4 495 394
4 505 405
2 525 408
1 511 368
3 533 384
4 504 408
3 534 372
4 505 403
4 493 388
4 497 399
4 488 378
2 532 396
4 488 379
2 520 406
2 535 396
3 532 381
2 520 407
2 505 409
2 527 408
4 494 394
4 505 404
2 523 405
1 513 366
3 517 364
2 533 398
4 508 363
1 488 377
1 534 371
1 513 365
2 534 397
3 519 367
1 515 365
2 536 396
1 495 369
4 493 387
2 527 409
1 525 372
3 518 364
2 498 400
4 495 396
2 536 397
2 498 401
2 538 393
3 533 381
3 536 375
2 503 402
4 492 371
3 531 403
3 537 397
3 532 399
4 499 380
3 534 381
1 533 371
1 507 363
1 489 377
2 504 409
3 519 364
2 514 407
4 504 404
1 495 368
4 495 367
3 539 390
1 523 372
2 489 380
2 526 408
3 534 386
3 534 398
2 533 399
4 496 399
2 492 378
3 529 369
1 535 373
2 490 380
3 520 364
1 506 363
1 499 369
4 489 375
4 497 401
4 490 372
3 539 391
3 533 382
1 501 371
1 492 370
1 507 362
4 498 384
4 488 375
3 540 390
1 507 361
2 500 401
3 517 366
1 494 368
4 492 388
4 491 370
4 496 385
2 518 409
4 493 394
1 534 370
4 489 376
1 526 368
3 536 389
2 497 402
2 510 401
3 530 369
2 519 409
4 494 381
1 515 364
4 495 391
3 518 366
3 531 369
1 498 366
2 534 399
3 536 376
1 506 362
2 518 410
3 508 361
4 487 378
1 513 364
3 532 369
3 532 385
4 505 362
4 489 372
1 516 363
1 535 372
1 505 361
3 528 408
2 529 408
1 510 362
2 526 409
2 496 400
2 502 402
1 538 389
4 495 392
2 528 409
1 526 367
1 494 367
3 526 405
1 495 366
3 535 386
4 490 373
1 521 372
1 499 368
2 493 395
2 487 379
3 536 377
1 526 366
4 486 378
4 495 385
4 492 387
4 492 394
3 534 387
2 517 409
3 509 361
3 535 370
3 534 383
2 493 396
1 514 366
3 535 371
3 517 365
3 536 371
1 503 369
1 540 389
1 493 370
3 526 401
2 517 410
1 496 366
1 495 365
1 489 371
4 492 396
3 537 394
1 525 371
3 527 366
4 504 361
1 534 369
4 504 405
4 505 363
3 537 376
3 536 372
3 528 366
4 496 401
3 534 382
1 509 360
3 527 367
3 537 377
3 535 399
1 507 360
2 506 408
2 529 409
1 487 377
2 498 402
1 500 369
2 537 398
3 517 363
2 540 391
3 535 388
3 519 410
3 528 367
2 513 399
1 531 368
3 535 382
2 524 403
4 501 383
4 500 390
4 493 369
2 521 409
3 520 410
2 511 405
1 488 374
4 495 401
3 538 397
1 490 371
1 503 368
3 521 364
1 504 360
3 527 406
3 536 386
2 507 408
1 512 365
4 494 392
4 505 406
2 491 380
4 504 362
4 492 369
4 491 396
2 520 411
2 531 404
2 518 411
2 528 410
1 495 364
4 499 390
1 537 375
3 541 390
4 493 386
3 541 391
3 538 377
3 529 366
1 513 363
4 504 407
1 524 372
4 486 379
1 510 361
2 499 402
4 498 390
1 530 368
3 534 379
3 510 360
3 536 388
4 503 361
2 511 406
3 539 377
3 511 362
1 514 365
3 529 367
3 538 375
2 535 400
4 497 384
1 517 362
4 500 383
1 509 359
3 518 365
4 504 406
2 526 410
2 501 396
2 493 397
2 503 403
1 533 370
2 527 410
1 501 370
4 492 386
3 537 388
3 537 371
1 534 368
2 520 412
3 539 392
3 519 365
3 536 400
3 530 409
4 504 363
4 494 366
4 496 398
3 540 392
4 503 409
3 533 385
3 541 392
1 506 361
1 492 368
1 496 365
3 534 385
4 503 360
4 503 406
4 492 397
2 522 405
2 528 411
1 492 367
2 540 393
3 538 398
4 488 380
1 495 363
1 506 360
4 485 378
4 493 392
4 502 403
2 528 412
1 524 371
4 494 389
3 534 384
3 530 366
3 538 394
4 494 364
2 500 402
1 514 364
2 506 409
3 518 362
3 537 400
2 509 401
4 491 369
2 532 400
1 532 368
4 499 383
3 535 384
4 494 365
3 530 408
4 503 362
3 529 410
1 513 362
3 529 411
3 510 359
2 511 407
3 520 365
3 539 375
1 498 365
2 529 412
4 490 370
3 539 398
1 490 369
3 530 411
1 503 359
4 496 384
2 495 402
2 530 412
4 492 395
3 536 373
2 495 403
2 488 381
4 488 376
4 487 376
2 536 401
3 541 389
4 488 371
4 502 406
3 531 411
2 530 413
4 495 400
3 511 361
3 538 396
3 529 402
3 511 359
3 538 371
1 511 358
3 532 411
2 508 405
3 533 411
1 508 360
2 523 406
4 484 378
4 491 388
1 519 363
3 521 365
3 535 383
4 485 379
2 508 406
3 542 389
1 520 363
2 534 400
3 536 370
1 512 364
1 492 366
3 536 384
2 533 412
4 495 399
2 524 404
4 501 406
2 525 409
3 531 413
4 490 396
2 488 382
3 531 366
1 532 367
3 537 373
1 529 365
2 486 380
3 539 397
1 486 377
1 503 358
1 519 362
1 511 357
4 489 373
4 491 386
4 510 357
1 540 388
2 493 398
2 490 397
2 509 402
2 496 402
3 511 360
3 539 396
1 484 377
2 529 413
2 511 408
1 535 369
2 540 394
4 497 390
4 496 393
3 540 375
2 511 409
3 512 359
4 487 371
3 543 389
4 487 374
1 495 362
2 490 398
1 522 369
4 490 388
1 487 370
1 518 361
2 513 400
1 517 361
2 500 403
4 489 397
2 539 399
4 516 410
1 505 360
4 494 363
2 528 413
3 541 393
3 512 360
4 502 409
3 519 361
3 512 357
1 510 356
4 491 367
1 520 362
2 532 412
2 534 401
3 536 380
4 519 412
2 487 380
4 488 372
1 509 358
3 513 357
4 493 364
3 532 403
2 532 413
4 491 395
2 516 411
1 535 368
4 495 384
1 493 363
1 529 364
1 537 370
1 503 357
2 511 410
4 527 413
4 503 408
3 536 374
1 525 370
3 530 402
2 494 395
2 541 394
1 499 367
1 522 368
2 523 407
2 539 400
3 538 376
3 535 387
2 507 409
2 491 397
4 526 413
2 500 404
4 503 407
2 507 410
4 515 411
1 534 367
4 506 410
1 485 377
1 537 369
4 494 385
4 487 381
4 491 394
2 519 413
2 535 401
2 490 399
2 505 410
1 536 369
4 494 401
1 536 368
2 530 414
1 540 374
4 529 414
4 488 373
4 486 374
1 516 362
4 498 383
2 497 403
4 493 389
3 520 361
4 486 376
4 502 360
1 499 366
1 497 368
3 535 381
2 510 402
3 521 362
4 483 377
2 523 408
3 541 388
2 542 390
4 487 382
3 540 398
4 501 409
4 487 372
2 518 412
3 537 380
1 485 376
3 540 377
1 525 369
1 515 363
4 502 357
1 530 365
4 487 373
1 542 388
4 486 370
2 519 414
3 537 386
2 487 383
4 490 395
2 516 412
2 531 414
1 515 362
1 543 388
4 500 409
1 484 376
3 531 402
3 538 395
4 502 358
2 519 415
3 512 358
4 486 382
2 531 415
1 486 369
2 520 413
3 537 372
1 525 368
3 544 389
1 535 367
3 540 396
4 489 399
4 486 371
2 516 413
2 488 383
1 513 356
2 518 413
3 538 373
2 496 403
1 523 371
3 532 366
1 536 367
4 482 377
1 541 387
2 508 407
2 534 402
4 493 365
4 502 408
3 540 397
4 489 396
1 497 367
2 503 410
3 531 409
1 493 362
3 532 409
3 545 389
1 489 370
1 531 365
4 501 357
1 495 361
3 535 402
2 528 414
3 541 377
2 485 380
2 519 416
3 533 409
2 531 416
4 495 393
1 482 376
4 489 388
3 530 410
3 532 404
2 492 398
4 494 391
2 490 400
3 527 405
1 500 368
4 501 360
1 524 370
4 488 397
4 492 389
2 508 408
2 531 417
4 494 402
1 504 359
2 508 409
1 543 387
3 538 369
3 541 374
4 485 374
4 486 372
2 529 415
1 495 360
4 491 368
1 518 360
4 492 363
1 537 368
4 515 412
4 514 412
4 493 391
3 542 377
2 495 404
2 531 418
2 503 411
3 535 379
4 492 364
2 497 404
2 491 398
3 538 370
2 541 395
4 490 394
4 501 358
2 488 398
3 531 408
1 531 364
2 522 406
2 526 414
4 485 369
1 484 375
1 483 376
3 537 384
3 538 372
2 510 403
4 496 390
2 538 399
2 527 414
2 521 410
2 527 415
3 537 367
2 526 415
4 518 416
4 502 407
3 544 388
4 491 387
3 542 391
2 534 403
3 536 382
3 532 364
1 497 366
2 539 401
2 539 402
4 494 393
2 484 379
4 483 379
3 514 356
1 524 369
3 542 395
4 485 371
1 530 364
2 505 411
3 533 364
2 536 402
2 523 409
3 540 400
1 531 363
1 511 356
1 515 361
4 486 373
4 494 403
1 517 360
3 535 385
4 493 401
2 520 414
1 517 359
1 497 365
3 528 405
2 528 415
1 496 364
4 500 406
3 541 375
2 491 399
1 525 367
4 494 404
3 530 407
2 497 405
1 500 367
2 498 403
3 514 357
2 494 405
3 532 418
3 542 393
1 507 359
4 530 418
4 493 404
2 534 404
3 534 409
4 489 394
3 534 412
1 490 368
3 542 375
1 500 366
3 536 385
1 496 363
2 540 401
3 538 386
2 499 403
2 528 416
1 504 358
4 490 386
1 518 359
4 489 386
3 532 414
2 542 396
1 515 360
4 488 396
1 494 362
4 491 389
1 482 375
4 484 371
1 538 368
4 492 404
2 498 404
2 545 390
4 500 357
2 539 403
1 531 362
1 534 366
3 541 401
4 529 418
4 491 364
1 525 366
2 499 404
1 540 373
2 498 405
2 536 403
4 485 382
2 527 416
3 542 401
4 492 391
4 492 392
3 515 356
1 535 366
2 502 410
4 515 413
3 543 401
1 508 359
3 539 386
4 492 362
4 486 381
2 540 402
3 536 366
3 519 360
4 517 416
1 486 368
4 502 359
3 534 364
3 541 400
4 501 407
2 523 410
4 499 406
3 546 390
3 545 388
2 497 406
1 520 360
2 511 411
2 488 399
4 481 375
3 539 371
3 536 383
4 483 378
1 490 367
3 543 375
1 512 356
1 512 355
2 545 391
4 492 401
3 539 369
1 545 387
3 542 394
3 533 414
3 533 418
4 528 418
1 500 356
2 513 401
3 533 413
4 491 366
4 500 358
2 508 410
2 532 419
2 525 410
2 517 417
1 518 358
4 489 395
1 482 374
2 490 401
4 487 399
2 535 403
1 509 357
1 486 367
1 505 359
3 536 381
1 542 374
1 521 361
3 546 388
2 490 402
2 538 400
1 501 356
1 523 370
1 492 361
2 536 404
2 496 404
3 543 396
3 537 385
1 528 365
1 501 355
1 483 375
3 546 391
4 482 379
3 532 408
1 494 361
4 490 366
1 546 387
3 543 394
2 520 415
3 544 375
4 493 393
4 488 386
4 495 390
4 485 381
1 483 374
1 489 369
1 507 358
1 511 355
3 535 364
2 497 407
2 536 405
4 491 392
3 543 377
2 509 403
2 521 411
1 540 372
3 534 418
3 541 372
2 503 412
2 508 411
3 532 415
3 535 412
4 527 418
2 527 419
4 485 367
3 534 413
1 484 370
3 513 355
3 532 362
3 515 357
3 535 413
4 502 411
3 538 367
4 483 371
3 544 394
4 488 395
1 486 366
2 500 410
4 501 408
1 516 361
1 503 356
2 501 410
2 528 419
1 482 373
4 500 355
1 481 374
4 485 372
4 489 401
4 501 411
2 483 380
2 482 380
4 499 355
1 515 355
4 490 392
4 484 367
3 537 381
4 501 359
2 489 402
1 535 363
1 502 356
3 538 384
1 483 370
1 496 362
4 526 419
2 481 376
2 508 412
3 521 360
2 514 413
1 542 373
2 491 400
3 528 406
3 537 404
3 538 380
4 496 406
2 543 402
4 493 385
1 500 354
2 510 404
1 518 357
1 484 366
1 534 363
4 484 372
3 533 378
3 537 383
3 547 388
3 532 365
3 544 402
3 531 410
4 518 415
3 533 362
1 546 386
1 493 361
2 525 411
2 501 412
2 523 411
2 519 417
1 491 363
3 539 370
4 513 413
3 539 380
1 500 353
4 500 412
3 501 353
3 536 413
2 504 410
4 483 372
3 532 410
1 516 360
2 492 405
1 507 357
3 502 353
4 491 391
3 522 361
4 499 412
3 519 359
1 496 361
2 497 408
4 488 402
3 541 397
4 484 382
1 496 360
3 540 380
2 488 403
4 488 388
2 491 401
1 516 359
4 486 399
2 531 419
1 523 369
2 540 403
4 517 415
2 487 400
2 525 412
4 495 406
3 537 366
2 535 414
4 494 360
3 542 400
3 531 407
1 488 370
4 496 408
3 532 417
1 484 365
1 507 356
4 482 370
2 496 409
4 525 419
1 481 373
1 539 368
3 547 390
4 499 354
4 499 410
1 501 352
4 492 393
3 546 389
4 490 391
1 522 360
1 540 371
3 536 364
1 495 359
1 525 365
3 540 399
1 497 364
3 534 362
3 536 414
2 483 381
4 516 417
3 501 354
3 540 369
4 491 362
4 500 411
3 516 355
2 526 420
3 502 352
4 516 415
1 528 364
2 520 416
2 483 382
1 508 358
4 491 361
4 481 380
1 488 369
4 492 385
2 497 409
3 542 372
4 487 396
4 486 383
3 538 404
2 493 405
1 528 363
1 493 360
1 542 371
1 499 353
3 539 376
2 510 405
3 532 407
4 481 370
3 538 366
4 490 362
2 535 415
3 520 359
3 541 403
1 498 364
3 541 399
4 480 370
2 546 392
2 495 407
2 520 417
1 512 354
1 494 359
2 504 411
4 490 361
3 503 352
1 483 369
1 486 365
3 544 396
4 489 391
2 520 418
1 508 357
1 536 363
2 490 403
2 519 418
4 518 414
4 498 410
1 484 364
4 493 359
3 538 381
4 516 416
2 508 413
2 530 419
1 491 360
4 507 413
2 531 420
4 482 381
3 543 393
1 542 370
3 504 352
2 517 418
1 512 353
3 547 391
3 548 388
2 548 389
3 533 417
3 532 416
3 539 366
3 548 391
2 489 403
1 485 366
1 542 369
3 537 364
2 513 414
4 491 385
3 533 365
2 489 404
3 539 384
1 517 358
2 499 413
4 494 406
1 511 354
4 495 408
3 539 381
3 541 380
2 543 403
4 498 412
2 484 383
3 532 420
4 499 356
1 481 369
2 503 413
1 499 352
1 492 360
1 490 360
2 503 414
1 487 369
1 498 363
4 479 370
3 540 376
3 535 409
3 543 374
2 515 414
3 529 406
1 524 368
4 525 420
2 518 417
4 494 390
4 483 383
2 548 392
1 498 362
3 533 410
3 544 403
3 543 400
3 537 414
1 548 387
3 542 380
4 489 360
2 531 421
2 507 414
1 504 351
2 482 382
4 515 417
1 513 354
2 543 404
4 490 387
1 547 387
1 493 358
2 528 420
3 514 354
4 482 372
3 540 384
2 482 383
4 530 421
1 534 361
1 489 359
2 533 419
2 505 412
1 496 359
1 540 368
4 487 398
2 482 384
3 538 364
4 492 358
3 544 393
1 523 368
3 513 353
3 533 416
1 533 361
1 489 358
2 536 415
2 481 381
1 509 356
4 488 358
1 533 360
4 498 413
1 494 358
4 483 364
4 489 392
4 478 370
2 483 384
1 513 352
1 518 356
3 545 396
3 519 357
2 527 420
3 537 405
4 490 385
1 478 369
4 494 408
4 480 375
2 519 419
2 518 418
1 527 365
2 526 421
1 528 362
2 501 413
3 520 357
2 501 414
2 535 416
1 489 357
3 549 388
4 493 408
3 538 405
3 541 384
3 544 401
1 529 363
3 533 407
3 519 358
3 545 403
1 494 357
4 487 397
3 541 376
3 549 387
1 495 358
4 525 421
2 507 415
4 483 367
2 478 371
2 547 392
3 543 380
3 519 356
4 506 415
4 486 400
3 536 379
1 544 374
1 535 362
3 540 366
3 545 375
2 502 412
3 541 398
4 490 389
3 533 420
1 526 365
1 505 358
3 537 363
4 497 412
1 521 359
2 517 419
3 536 412
3 539 405
4 486 396
1 501 351
4 481 377
3 546 403
2 499 414
3 517 355
4 487 402
3 546 375
2 526 422
4 481 383
1 535 361
2 480 376
2 542 402
3 538 363
2 503 415
2 496 410
2 504 412
1 482 369
1 493 357
2 521 412
1 506 359
2 535 417
3 550 388
3 542 376
3 538 385
4 493 390
4 487 358
3 537 415
4 482 378
2 493 409
3 542 398
1 503 351
4 480 377
2 539 406
4 477 369
2 517 420
1 542 368
3 542 399
1 548 386
3 547 403
1 492 357
4 494 407
4 485 400
4 489 361
1 479 369
4 488 361
4 477 371
3 534 410
2 534 419
4 488 360
3 537 412
3 505 351
4 479 375
3 543 373
3 543 399
2 477 372
2 491 402
1 501 350
1 501 349
4 514 417
3 520 356
4 476 371
3 538 412
1 499 351
1 510 355
2 525 422
4 488 359
2 530 422
4 480 374
2 478 372
3 547 375
1 539 365
3 544 373
3 506 351
4 488 357
1 549 386
4 483 366
3 540 381
2 517 421
2 539 407
3 538 415
1 550 387
2 550 389
3 536 361
3 539 364
3 534 411
2 550 390
3 540 405
1 482 368
1 522 359
3 543 376
3 543 370
2 500 413
4 493 407
4 479 376
3 543 372
2 531 422
4 475 371
4 481 368
1 481 367
4 487 359
3 549 392
4 513 417
1 492 356
2 505 413
3 542 384
3 543 369
3 535 411
3 502 349
4 481 378
1 530 363
4 476 369
4 516 421
4 485 396
4 499 411
1 484 363
2 481 384
1 546 374
2 512 404
2 502 413
4 480 381
3 518 355
1 536 360
4 516 419
2 479 377
3 545 402
1 520 355
4 498 353
3 547 374
4 488 391
1 479 368
2 515 418
3 521 355
2 550 391
2 493 410
3 521 356
2 477 373
2 477 374
3 544 377
4 498 354
3 539 415
4 492 408
4 487 386
4 482 366
1 482 365
1 511 353
3 502 350
1 540 365
2 498 414
1 478 368
2 521 413
4 484 396
3 537 360
3 540 364
3 539 385
4 481 365
2 512 405
3 514 353
2 506 416
3 537 413
4 498 411
3 523 359
2 497 413
2 498 415
3 550 392
3 551 391
4 483 396
4 491 393
1 478 367
3 544 400
3 522 355
2 496 411
3 543 368
2 488 404
3 539 367
2 480 382
3 532 421
1 513 351
2 528 421
4 486 386
2 501 415
4 477 370
2 507 416
3 544 372
3 545 400
1 480 369
1 547 373
2 543 405
2 509 404
3 540 415
3 539 412
1 533 359
2 509 405
4 474 371
4 479 382
3 538 360
3 537 382
3 551 387
3 534 420
3 538 413
1 498 352
3 533 421
4 497 353
4 487 388
3 540 412
2 520 419
2 517 422
3 534 359
1 487 357
3 543 398
2 503 416
4 480 383
3 540 367
1 528 361
2 550 393
1 550 386
3 540 406
1 543 367
3 539 413
2 531 423
2 524 405
4 515 421
4 473 371
4 478 382
4 496 412
3 543 384
1 495 357
3 536 416
4 481 379
1 550 385
1 507 355
4 481 366
1 504 350
4 487 360
4 492 407
3 544 369
4 489 362
4 497 414
2 499 415
1 503 350
3 546 402
3 541 364
1 486 364
3 544 376
3 543 371
3 541 406
3 514 351
2 494 409
3 541 415
4 500 349
2 537 416
1 513 350
3 533 408
3 551 389
2 491 403
2 545 404
2 543 406
4 491 356
3 544 370
1 493 356
4 491 408
1 495 356
4 499 349
3 539 360
1 487 356
4 493 406
1 476 368
1 485 365
4 478 376
1 485 364
2 521 414
2 534 421
1 519 355
2 511 412
1 543 366
4 497 354
4 514 418
1 517 354
4 485 399
4 496 354
3 535 418
1 541 363
1 551 386
2 502 414
4 480 380
1 532 361
4 480 379
2 536 417
4 489 385
4 472 371
1 486 363
1 511 352
1 508 356
3 552 391
3 548 375
1 505 350
1 538 359
2 482 385
2 477 375
4 497 415
1 524 367
4 480 366
2 544 404
1 507 354
3 534 378
2 550 394
2 523 412
4 516 422
1 510 354
4 480 384
1 543 365
1 499 348
4 487 391
4 483 363
4 482 396
1 551 385
1 489 356
1 494 356
2 527 421
4 513 418
3 551 390
1 484 362
3 545 372
4 497 352
3 545 370
4 475 368
2 537 417
1 514 350
2 510 406
3 538 414
3 538 417
3 500 348
3 535 419
1 514 349
2 515 422
3 545 369
2 511 413
1 516 354
2 548 393
2 478 383
2 473 372
2 518 419
3 540 413
4 486 357
4 481 385
2 472 372
4 492 406
2 535 420
2 472 373
3 515 350
1 483 362
1 547 372
2 502 415
1 546 373
2 519 420
1 535 360
4 476 374
3 545 376
2 552 392
3 532 423
3 522 356
1 552 390
1 522 354
3 534 408
4 491 407
4 482 362
3 544 380
2 531 424
1 489 355
2 530 423
3 544 371
2 492 409
4 482 364
2 487 403
4 489 389
1 519 354
2 505 414
1 528 360
3 540 360
2 482 397
4 512 418
4 486 398
4 495 412
4 482 363
1 524 366
4 530 424
1 531 361
4 495 411
2 546 404
4 485 357
2 490 404
3 545 380
4 514 421
2 546 405
3 546 370
2 519 421
2 487 404
2 482 398
4 479 381
4 479 384
1 517 353
2 511 414
4 486 358
4 494 412
2 489 405
4 492 390
2 473 373
1 523 358
3 543 395
3 547 402
3 544 398
3 547 405
2 492 410
3 542 415
3 544 368
1 506 350
4 498 348
4 476 375
4 471 373
1 507 353
4 495 354
3 546 396
2 473 374
2 483 397
2 491 409
1 526 364
1 482 361
3 515 349
4 476 370
2 542 416
1 483 361
1 516 353
4 471 371
3 547 370
1 490 359
4 491 406
4 478 384
1 480 365
4 486 356
2 476 376
4 481 397
4 481 398
4 478 377
3 516 350
4 500 350
4 488 392
2 486 401
4 490 409
4 470 371
3 552 385
3 537 379
1 552 384
2 530 425
1 472 370
2 489 406
3 523 355
3 548 370
3 553 392
3 521 357
2 521 415
2 518 420
4 477 382
2 475 372
3 538 379
4 486 360
3 540 407
2 536 418
3 538 382
2 484 397
3 553 390
3 539 414
2 472 374
2 486 402
2 496 413
4 529 425
2 487 405
2 484 398
3 544 399
1 492 355
1 501 348
4 485 401
4 475 369
2 478 385
3 544 366
4 488 406
4 474 368
3 537 361
2 540 416
1 547 369
2 478 386
2 516 423
3 532 424
1 544 365
1 504 349
4 477 385
4 515 423
4 528 425
2 504 413
4 481 362
4 480 378
1 493 355
4 491 410
2 531 425
1 510 353
4 479 366
3 539 417
1 486 355
2 487 406
1 493 354
1 522 353
1 478 366
1 475 367
4 489 409
4 498 351
2 487 407
3 535 410
3 552 389
3 549 375
3 545 398
3 553 391
4 475 376
4 492 354
1 489 354
3 545 368
3 553 389
3 548 369
2 527 422
3 543 416
4 487 395
2 532 425
2 495 413
3 554 390
3 533 424
3 535 421
4 490 393
1 516 349
3 548 372
2 527 423
2 551 392
1 536 359
4 497 348
4 477 366
1 480 364
3 517 350
4 478 381
1 549 374
2 503 417
1 480 363
2 471 374
3 522 357
1 549 373
3 551 393
2 543 417
4 480 398
4 477 386
1 552 383
2 488 407
4 486 405
4 486 403
4 474 369
1 518 354
1 478 365
4 477 384
1 522 352
2 510 407
1 550 384
4 497 351
4 479 380
1 528 359
3 524 358
3 539 359
2 474 372
3 523 353
2 536 419
1 492 353
4 485 358
1 534 358
1 532 360
2 516 424
2 517 423
1 496 353
1 508 355
2 521 416
4 470 373
1 504 348
3 518 350
3 554 389
1 552 382
2 551 394
3 554 392
2 477 387
3 547 396
1 474 367
2 543 418
2 493 411
4 478 380
2 524 406
1 491 355
3 544 417
1 482 360
4 486 404
3 541 407
4 470 374
1 513 349
2 508 414
3 541 413
2 538 418
2 535 422
2 526 423
3 523 357
3 546 380
4 496 414
4 515 419
2 515 424
3 550 375
1 474 366
4 496 352
3 545 401
3 555 389
3 524 355
1 528 358
1 499 347
1 492 352
1 550 374
2 531 426
1 552 381
1 543 364
2 525 423
1 511 351
3 552 394
3 536 420
4 469 373
3 536 421
4 476 387
2 476 388
3 540 414
2 476 389
1 548 368
3 548 402
3 553 383
3 525 355
3 535 358
4 479 363
2 520 420
4 486 406
1 536 358
1 536 357
3 549 370
3 548 405
2 533 425
3 544 416
4 477 381
1 470 370
4 530 426
4 488 394
1 553 382
4 485 403
2 472 375
4 495 414
2 533 426
1 523 352
3 545 366
3 537 357
1 486 354
3 555 392
4 514 424
4 499 350
2 511 415
2 517 424
2 549 393
4 474 376
2 492 411
4 479 364
2 541 416
1 544 364
1 498 347
4 484 399
3 534 425
3 553 394
3 552 386
2 524 407
3 554 382
3 552 393
3 536 422
1 471 370
2 482 399
3 550 373
3 552 387
1 503 349
2 496 415
3 556 389
1 488 356
1 469 372
1 470 369
3 549 402
1 493 353
2 524 408
3 542 407
2 546 406
4 473 367
2 524 409
1 498 346
1 475 366
3 539 379
2 534 426
3 545 364
2 508 415
2 530 427
4 477 383
2 529 426
2 486 407
2 488 408
2 483 398
3 535 408
3 553 386
4 477 380
1 505 349
2 524 410
2 542 417
3 545 417
3 536 410
4 502 416
2 490 410
2 555 393
1 521 354
2 500 414
3 549 369
3 546 417
2 518 421
3 545 399
1 544 363
1 517 349
2 491 411
2 491 412
2 528 426
3 524 353
4 497 346
2 488 409
4 476 384
2 508 416
1 490 358
4 480 397
4 484 403
3 533 423
2 492 412
4 491 352
4 498 349
3 553 385
2 492 413
1 534 357
2 520 421
2 473 375
1 540 359
4 473 376
2 472 376
4 473 368
2 476 390
1 548 367
4 516 420
3 548 396
2 519 422
2 497 416
4 468 372
3 519 350
3 547 406
2 541 417
4 475 387
1 537 356
2 549 403
3 537 422
1 483 360
4 479 398
1 496 351
4 490 412
3 526 355
3 546 366
2 494 413
4 511 418
1 532 359
1 495 353
2 515 425
1 503 348
2 469 374
3 543 415
3 547 380
2 480 399
2 516 425
2 515 426
3 538 356
2 478 387
1 489 353
2 490 413
2 517 425
3 534 424
3 546 364
4 476 386
4 485 402
4 471 376
2 501 416
1 503 347
4 478 398
3 550 402
3 549 368
1 512 352
2 552 395
3 541 414
2 510 408
4 476 382
3 546 399
2 501 417
2 490 414
1 545 363
3 548 380
4 473 366
2 508 417
2 528 427
2 521 417
3 504 347
2 523 413
1 482 359
4 484 402
2 522 407
2 547 407
3 546 398
3 546 401
2 494 414
2 502 417
3 547 398
1 524 352
4 490 411
4 475 382
3 535 378
3 553 395
4 480 362
2 538 419
3 554 385
3 547 399
3 548 399
1 492 351
4 474 387
3 537 410
3 546 376
3 553 384
3 536 411
1 543 363
1 533 358
2 483 399
3 549 405
1 481 361
2 504 414
3 542 397
3 549 396
1 468 371
3 554 395
4 475 388
2 471 377
4 527 427
4 487 392
1 513 348
4 476 381
2 545 418
2 556 390
3 545 371
4 485 407
2 480 400
4 475 389
4 490 352
4 514 425
1 542 367
2 550 403
1 509 355
2 537 423
4 485 406
1 502 348
1 529 362
3 551 373
2 525 424
1 497 345
3 546 418
3 541 360
4 475 390
3 550 369
3 548 407
3 553 387
3 548 398
3 550 405
1 529 361
3 525 353
1 495 352
3 531 427
1 546 363
4 479 397
4 485 404
2 506 417
2 538 420
2 532 426
1 517 348
3 542 360
3 549 399
3 550 399
3 518 348
3 540 379
1 553 381
3 532 427
2 492 414
2 469 375
2 522 408
2 504 415
4 484 401
2 468 373
4 479 400
1 519 349
3 556 393
3 551 405
4 489 410
1 492 350
4 496 345
2 522 409
3 538 423
2 483 400
2 517 426
1 472 369
1 483 359
2 497 417
2 505 415
1 511 350
1 533 357
3 546 371
1 502 347
3 538 410
2 486 408
4 484 407
4 526 427
2 515 427
1 533 356
1 518 347
3 547 376
1 501 347
1 496 344
3 520 350
2 545 419
2 535 423
1 555 388
1 479 362
2 492 415
4 478 363
1 551 372
1 516 348
3 527 355
2 541 418
1 480 361
4 485 408
4 488 410
2 516 426
1 507 352
2 542 418
4 497 349
2 488 411
4 513 421
3 551 403
4 489 414
2 514 426
1 528 357
4 481 396
3 536 378
4 468 375
1 513 347
2 544 418
1 480 360
3 547 366
3 551 402
2 521 418
4 514 427
1 532 358
2 516 427
4 485 354
2 544 419
4 478 397
3 541 412
4 497 347
1 482 358
1 502 346
4 496 417
4 496 349
2 554 396
4 495 344
2 546 419
4 467 375
2 490 415
1 535 357
3 552 372
4 481 359
4 478 364
3 549 367
1 507 351
2 513 422
1 470 368
4 515 420
2 541 419
1 538 355
3 543 397
2 554 397
1 534 356
3 554 387
2 501 418
1 487 355
4 485 405
4 489 413
2 483 401
3 555 387
4 514 420
1 548 366
3 541 359
2 550 406
3 536 362
2 484 408
4 489 393
1 470 367
2 502 418
4 513 426
1 493 352
3 555 397
3 537 421
4 477 397
4 494 344
2 533 427
1 528 356
2 528 428
4 480 396
2 524 411
3 503 346
3 556 397
1 555 386
4 481 358
4 488 353
3 553 372
1 532 357
4 476 397
2 533 428
3 555 395
2 521 419
3 535 424
2 506 418
4 477 363
2 538 424
1 538 354
2 481 399
3 552 402
2 516 428
4 489 415
3 534 427
3 555 382
4 475 397
3 539 356
3 539 410
2 551 406
1 529 360
4 479 379
1 491 351
4 474 389
3 557 389
2 512 419
4 466 375
2 548 408
3 538 421
4 475 384
3 552 406
1 538 353
4 488 414
1 473 365
4 469 370
4 479 399
3 504 346
2 490 416
4 513 427
2 551 407
1 489 352
2 499 416
1 491 350
1 497 344
1 490 351
1 466 374
1 533 355
4 489 416
3 554 391
1 551 371
3 555 391
2 518 422
1 509 354
4 485 355
1 500 347
1 524 351
2 490 417
1 518 346
1 513 346
4 478 362
2 512 420
3 556 387
3 545 416
1 523 351
3 519 347
4 469 367
2 543 419
4 487 411
4 474 382
3 549 408
3 520 349
1 553 371
1 492 349
2 557 390
4 475 381
2 471 378
3 556 386
1 545 362
2 509 406
3 535 427
2 469 376
1 479 361
4 470 378
1 479 360
2 543 420
2 524 412
2 500 415
4 487 414
1 545 361
2 528 429
3 534 428
4 478 400
1 528 355
3 544 420
2 495 415
3 545 377
3 556 391
1 478 361
1 484 361
1 472 368
1 518 345
2 467 376
1 539 355
3 535 426
4 470 377
4 469 378
4 484 354
2 551 408
3 542 412
2 541 420
4 469 369
1 467 374
2 535 428
4 482 401
1 515 348
2 546 420
3 552 403
2 536 423
2 491 413
1 498 345
1 515 347
1 516 347
4 527 429
3 554 384
4 512 426
2 520 422
2 468 376
4 512 422
3 537 411
1 556 385
4 479 396
1 553 370
2 519 423
3 519 348
4 487 409
4 487 394
4 474 388
4 483 403
4 474 397
3 521 349
2 517 427
2 466 376
2 540 417
1 508 354
2 516 429
4 484 405
2 557 391
1 542 359
1 470 366
1 514 348
3 549 366
4 469 377
1 488 352
2 525 425
2 508 418
3 546 361
4 474 384
3 540 410
2 489 417
3 541 410
3 546 400
3 551 369
3 547 418
4 473 382
4 485 356
3 537 378
4 489 351
2 490 418
4 496 347
3 553 402
4 483 402
3 558 391
1 547 365
1 545 360
4 496 348
3 557 393
2 472 377
3 547 361
3 556 392
2 543 421
2 511 419
2 471 379
1 488 351
2 557 394
1 503 345
2 515 428
1 489 350
2 520 423
3 558 394
3 536 426
3 556 395
4 483 408
3 551 374
3 539 424
2 471 380
4 486 409
1 511 349
1 513 345
3 544 415
3 552 373
4 467 373
3 547 419
4 474 381
1 538 352
1 511 348
1 501 346
2 480 401
3 546 362
2 484 409
1 527 354
1 543 362
2 543 422
4 472 365
1 512 351
2 531 428
1 524 350
1 550 368
4 488 413
3 525 351
3 548 418
3 520 347
4 510 419
3 544 422
3 543 359
3 553 406
1 491 349
2 525 426
3 546 416
3 539 352
1 473 364
3 558 393
2 545 420
1 488 350
2 500 416
1 483 358
1 528 354
1 519 346
4 484 406
1 494 343
1 509 353
3 553 403
4 467 371
2 497 418
3 520 346
2 506 419
2 478 401
4 473 397
4 468 378
2 469 379
4 483 354
2 550 407
3 554 383
3 546 377
4 486 411
4 488 415
1 470 365
4 477 401
2 506 420
2 527 430
4 484 356
2 491 414
3 547 416
3 539 354
3 554 403
2 480 402
4 514 423
2 495 416
4 480 359
2 549 409
1 553 369
4 468 370
2 479 401
4 514 428
2 525 427
4 480 358
3 551 375
1 505 348
2 515 429
2 509 407
4 505 419
3 550 366
2 505 420
1 514 347
4 473 388
4 511 426
2 524 413
1 483 353
1 493 351
1 480 357
1 493 350
2 490 419
3 495 343
4 512 427
4 465 375
3 521 346
2 530 428
3 538 378
3 528 430
3 547 377
4 467 370
2 508 419
4 486 414
3 558 389
1 525 350
1 483 352
2 510 420
3 548 416
2 521 420
3 548 419
3 540 424
4 478 360
2 476 398
4 477 360
3 545 422
4 495 348
4 513 425
1 553 368
3 554 406
3 542 410
3 558 390
2 521 421
2 487 415
2 534 429
4 477 400
3 555 396
3 555 383
3 542 414
4 475 398
4 483 407
1 506 349
1 478 359
3 539 378
3 549 416
2 495 417
3 556 396
2 494 415
2 518 423
4 466 371
1 554 381
2 496 418
2 484 410
3 544 421
3 557 397
3 521 347
2 466 377
1 554 380
4 466 370
2 548 420
2 527 431
1 513 344
4 479 402
3 552 375
4 511 422
1 526 354
3 539 423
4 485 411
2 524 414
4 482 354
4 470 380
4 495 347
1 530 362
1 505 347
2 537 424
4 469 380
4 484 404
1 505 346
3 544 359
2 516 430
4 472 382
1 524 349
4 476 385
1 557 388
2 469 381
2 473 398
2 512 428
2 519 424
3 554 368
3 555 368
4 513 423
2 548 421
3 526 351
2 519 425
2 496 419
2 507 417
2 527 432
3 541 424
4 493 343
2 511 427
1 471 369
4 486 392
1 545 359
2 497 419
3 552 405
3 541 379
4 484 355
4 476 400
2 527 433
3 558 397
3 550 367
4 494 348
2 542 419
4 487 350
3 555 406
2 553 407
1 514 346
2 518 424
1 546 360
4 468 367
1 504 345
2 473 399
4 510 422
1 483 351
4 472 399
1 495 342
4 488 416
3 547 364
4 472 397
3 546 422
1 529 359
2 536 427
1 555 367
1 556 384
2 513 428
3 543 412
1 518 344
3 528 432
3 529 430
2 557 398
3 543 414
4 476 383
3 543 410
4 465 376
4 482 403
1 549 365
2 504 416
1 532 356
1 500 346
1 505 345
4 475 400
3 525 349
3 557 385
4 486 394
4 494 347
2 483 409
2 497 420
3 559 389
2 506 421
2 529 431
2 514 429
1 492 348
2 476 401
4 486 350
4 465 374
1 476 367
3 550 416
1 472 364
4 512 423
2 552 407
1 478 358
2 505 421
1 522 351
2 525 428
3 558 398
2 532 428
2 558 399
4 510 427
2 510 428
3 548 361
4 482 353
2 481 400
4 465 370
1 475 365
2 521 422
3 540 352
1 519 345
1 557 384
4 526 431
2 507 418
1 479 359
3 520 348
4 487 413
1 497 343
4 511 423
1 549 364
4 481 403
3 547 362
1 495 341
2 480 403
2 486 415
3 559 390
4 482 352
4 473 389
3 542 424
3 538 357
4 476 363
3 554 370
1 557 383
1 542 358
1 508 353
3 542 413
1 490 350
1 483 350
3 558 384
1 554 367
1 504 344
1 482 351
2 467 377
2 487 416
2 544 423
4 471 382
4 479 403
3 547 360
3 529 432
4 486 413
2 494 416
4 471 399
1 493 342
4 485 414
3 549 421
1 515 346
1 544 358
2 523 414
3 537 426
4 489 418
1 484 353
2 526 432
1 536 356
1 471 368
3 547 422
1 525 348
1 512 350
1 467 369
1 480 356
3 559 391
3 526 348
3 553 375
3 556 406
2 558 400
3 553 405
2 483 410
1 507 350
4 495 345
3 551 416
1 515 345
2 543 423
1 516 346
4 483 406
1 474 365
1 514 345
3 555 381
1 473 363
3 546 359
4 492 342
4 466 369
2 513 429
3 560 390
4 490 349
3 550 365
2 535 429
2 491 415
3 556 381
3 554 407
2 521 423
1 477 359
2 523 415
3 522 346
4 475 401
4 468 379
3 526 349
4 481 354
4 510 426
4 477 361
3 554 402
3 559 397
2 513 430
1 545 358
1 468 366
4 525 431
2 554 408
1 509 352
2 528 433
4 485 413
3 547 404
3 541 352
3 549 419
4 481 351
1 526 347
4 513 424
3 559 393
3 557 387
4 475 385
2 547 423
2 516 431
4 468 381
2 513 431
4 483 355
3 548 422
1 539 351
4 469 365
3 538 411
2 485 415
1 553 367
2 507 419
4 466 373
2 543 424
3 550 421
2 523 416
4 482 407
1 547 359
2 471 400
1 503 344
2 557 399
3 548 360
3 527 349
2 468 382
1 519 344
3 556 368
1 503 343
1 556 367
3 504 343
2 535 430
4 489 412
1 507 349
3 540 351
2 471 401
2 536 428
3 540 354
4 496 346
4 484 415
1 547 358
1 506 348
4 464 370
2 483 411
4 465 373
3 556 382
2 546 423
1 521 345
2 489 419
2 547 424
4 478 403
4 488 419
1 465 369
4 471 364
2 553 408
4 477 362
4 479 356
1 491 348
1 478 357
3 548 376
2 487 417
1 512 349
1 531 360
1 467 368
4 467 379
3 537 428
3 548 362
1 485 353
3 527 347
4 487 419
3 559 394
1 489 349
4 486 395
2 493 412
3 550 419
2 495 418
2 521 424
1 539 350
3 552 374
1 523 350
3 557 367
2 504 417
3 548 423
4 488 412
3 558 387
3 554 369
4 472 389
2 510 429
4 471 397
4 482 406
3 555 369
3 560 397
4 482 409
1 496 343
1 525 347
1 532 355
3 551 365
2 517 428
1 471 363
2 469 382
2 560 398
1 559 388
1 477 358
3 556 369
1 488 349
3 535 425
1 493 341
2 546 424
1 517 347
4 493 347
2 468 383
1 528 353
3 539 411
2 507 420
4 467 382
1 556 366
3 528 349
2 475 402
1 537 355
4 482 350
2 515 430
4 481 406
4 472 388
3 559 399
1 517 346
2 533 429
3 539 357
1 542 357
3 557 368
4 492 341
1 537 354
2 526 433
3 540 356
3 552 365
4 471 388
1 558 383
4 486 419
1 473 362
1 534 355
2 538 425
3 554 375
2 468 384
3 549 422
1 547 357
4 485 392
3 550 422
4 467 372
1 467 367
2 520 424
2 470 381
3 557 366
2 486 420
2 500 417
3 536 430
3 555 375
4 464 369
4 485 394
2 531 429
3 523 346
1 534 354
2 539 425
3 547 401
4 481 350
3 555 408
3 554 405
4 476 358
2 549 423
3 527 348
1 527 346
3 557 396
3 551 422
3 537 430
3 529 433
1 532 354
2 538 426
1 548 359
4 470 363
4 509 429
1 465 368
2 551 423
2 473 400
2 484 416
4 512 431
4 483 416
4 467 384
3 541 356
4 476 361
4 463 369
1 489 348
3 541 354
1 528 348
1 479 355
3 520 344
2 493 413
4 508 429
3 553 374
4 488 418
2 546 425
2 473 401
1 559 387
4 487 418
1 476 357
3 557 381
4 470 364
2 544 424
4 480 406
4 482 411
1 498 344
2 486 421
1 508 352
1 556 365
3 547 363
1 476 356
2 482 412
3 539 426
2 540 425
1 466 368
3 551 421
4 475 361
1 510 352
1 474 364
4 474 390
2 549 424
2 550 423
2 477 402
1 481 349
3 555 370
1 494 342
4 483 404
1 512 348
4 464 376
4 474 402
2 553 409
3 540 426
2 491 416
1 541 351
2 521 425
4 475 386
4 481 409
2 483 417
3 542 354
2 509 430
3 528 346
4 484 413
2 528 434
2 486 422
1 524 348
1 513 343
4 525 433
4 482 408
1 496 342
3 545 415
2 488 420
2 466 378
1 527 345
2 476 402
4 480 351
4 482 417
1 475 360
2 507 421
3 528 345
3 530 432
1 484 352
3 551 419
2 490 420
1 463 368
2 477 403
3 549 418
1 512 347
3 549 359
2 511 428
3 552 419
1 529 358
4 478 396
4 464 375
2 482 418
2 533 430
3 556 375
1 516 345
4 465 371
1 554 366
4 481 407
1 463 367
4 466 379
2 487 420
4 466 382
2 486 423
4 474 386
3 537 427
4 463 375
4 463 376
3 528 347
3 529 347
2 514 430
4 492 343
2 500 418
1 500 345
4 462 368
2 480 407
4 474 360
2 477 404
3 560 394
2 540 427
4 478 355
2 520 425
2 542 425
2 505 422
3 548 404
3 560 387
4 467 381
2 502 419
3 561 390
1 484 351
1 532 353
3 562 390
2 503 418
4 466 381
1 476 355
2 524 415
1 522 345
1 552 364
4 465 382
2 493 414
1 542 353
2 514 431
1 492 340
1 517 345
1 528 344
1 541 350
3 555 405
3 531 432
2 479 404
1 508 351
3 544 414
1 521 344
2 479 405
1 468 365
4 476 403
3 532 432
1 524 347
3 536 429
1 465 367
3 549 360
3 547 425
2 517 429
2 507 422
4 470 399
4 480 349
1 545 357
4 467 366
3 497 342
2 480 408
2 509 431
4 491 340
2 527 434
3 550 418
3 540 355
4 464 373
4 470 401
1 485 352
4 481 417
3 549 404
2 553 410
4 491 342
3 558 381
3 542 379
2 533 431
3 534 431
3 557 365
2 514 432
2 546 426
4 464 374
1 503 342
2 520 426
1 560 386
3 553 419
2 494 417
4 484 394
3 540 378
2 496 420
4 462 367
2 497 421
3 549 420
4 490 340
4 467 383
1 496 341
4 466 372
2 555 409
2 540 428
4 479 349
2 505 423
1 488 348
1 515 344
2 523 417
4 473 387
3 548 358
3 529 344
4 465 377
1 534 353
1 500 344
2 466 383
1 513 342
4 469 364
2 500 419
2 472 400
4 479 351
2 539 427
3 542 356
4 471 389
1 517 344
3 529 345
1 540 350
1 547 356
1 477 357
2 468 385
2 478 404
1 520 343
2 501 419
1 467 365
4 463 374
4 473 402
3 561 394
1 488 347
1 537 353
4 469 399
2 546 427
4 481 411
1 528 343
1 520 342
1 525 346
2 508 430
3 556 370
4 485 419
4 470 389
3 557 370
1 551 364
1 526 346
2 489 420
1 537 352
3 497 341
1 522 344
3 560 399
3 555 407
4 512 425
4 472 402
4 464 377
2 539 428
1 514 344
4 480 417
3 561 398
3 541 428
3 529 343
4 480 409
3 555 402
3 552 423
1 469 363
2 504 418
2 476 404
3 547 427
4 475 404
1 524 346
2 483 418
2 519 426
2 551 424
4 491 343
3 554 372
1 472 363
4 464 371
1 513 341
4 480 350
2 495 419
4 487 348
4 483 415
2 480 418
4 509 428
3 542 428
1 547 355
3 543 428
1 507 348
3 552 424
1 506 347
4 479 350
4 472 362
2 520 427
2 479 406
4 470 400
4 479 409
2 513 432
2 562 391
2 466 384
3 535 431
3 530 345
4 477 396
3 554 419
4 465 378
1 516 344
3 551 418
2 521 426
1 481 348
3 552 418
1 547 354
2 490 421
1 488 346
4 484 392
4 471 362
4 481 353
4 511 425
2 555 410
1 549 358
2 483 419
2 468 386
2 495 420
1 472 361
1 546 358
4 468 399
2 472 403
2 486 424
4 475 358
2 525 434
3 546 415
4 482 415
3 556 407
2 525 435
3 538 430
1 516 343
1 540 349
4 481 352
4 464 382
3 529 434
2 533 432
4 467 386
3 557 392
2 491 417
1 511 347
3 529 346
1 464 368
4 461 368
3 543 353
2 532 433
2 475 405
3 514 341
2 517 430
1 495 340
1 545 356
2 520 428
3 521 342
1 470 362
1 513 340
1 507 347
1 549 357
3 560 388
4 485 421
4 524 433
4 480 353
3 544 353
3 544 412
4 491 341
2 536 431
2 557 400
3 558 366
2 471 402
1 558 365
4 494 345
2 479 410
2 528 435
4 480 354
3 554 371
3 529 435
1 557 364
2 561 399
2 534 432
2 492 416
3 563 390
2 520 429
3 540 411
1 531 359
2 539 429
1 498 343
1 541 349
1 546 357
1 510 351
2 522 410
2 549 425
1 485 351
3 564 390
1 484 350
2 501 420
3 548 401
1 471 361
1 553 366
3 533 433
2 461 369
3 550 420
1 546 356
3 542 349
2 532 434
4 474 358
3 541 378
1 554 365
4 482 416
1 467 364
1 478 354
4 478 349
2 467 387
2 496 421
2 518 425
2 474 403
4 483 413
1 515 343
3 537 431
3 514 340
1 473 361
4 463 371
3 529 348
3 549 401
3 539 430
3 553 373
2 513 433
4 485 420
3 559 365
1 546 355
3 545 414
1 531 358
2 467 388
3 541 411
2 538 431
4 461 367
3 543 379
4 509 427
2 533 434
1 518 343
2 524 434
3 540 429
4 466 364
1 525 345
2 555 411
2 563 391
3 547 417
4 508 428
4 508 427
1 463 366
2 530 433
3 550 404
2 485 422
2 561 400
1 557 363
3 553 423
1 538 351
3 555 380
3 553 424
4 523 434
3 557 369
3 551 420
1 496 340
3 557 375
2 488 421
4 480 411
2 534 433
4 470 397
3 544 379
2 506 422
2 468 400
4 478 350
4 478 406
3 562 394
4 477 406
4 485 424
2 531 433
1 559 364
3 542 352
4 468 380
4 483 392
4 464 378
4 463 373
2 483 420
2 544 425
1 559 363
2 489 421
1 468 364
3 555 372
4 484 414
1 477 356
2 470 402
4 467 380
3 558 385
4 468 363
2 475 406
2 525 436
4 473 360
3 556 411
1 522 343
4 467 400
3 530 348
2 517 431
1 485 350
2 506 423
1 473 359
4 460 367
1 513 339
3 556 405
3 560 365
4 524 435
3 543 413
4 475 357
1 535 356
3 559 366
3 550 425
3 554 373
3 515 341
4 479 408
1 518 342
1 465 366
3 543 349
3 549 362
2 547 428
1 477 355
1 467 363
3 546 414
4 472 359
3 556 402
2 522 411
4 472 360
1 540 348
1 530 344
2 477 407
2 560 400
4 510 425
1 481 347
2 527 435
4 465 379
1 479 348
4 471 403
2 470 403
1 497 340
4 466 400
1 558 364
4 463 377
3 559 384
2 549 426
4 482 420
3 558 370
3 542 378
3 558 375
4 469 401
1 497 339
2 505 424
1 524 345
2 489 422
2 487 421
3 554 423
3 535 433
3 555 419
3 541 348
2 515 431
3 550 358
2 516 432
3 555 423
2 463 378
2 508 431
4 460 368
1 552 363
4 465 372
2 548 424
2 473 403
4 486 391
3 557 407
3 554 424
2 547 429
2 559 400
2 554 425
3 555 371
2 503 419
1 474 357
1 541 347
4 490 342
3 559 370
1 488 345
4 462 376
2 501 421
3 558 407
4 475 356
2 524 436
1 557 362
4 523 435
1 478 348
3 559 385
4 480 352
3 534 434
2 520 430
3 543 378
1 552 362
3 548 354
2 463 379
1 507 346
2 525 437
3 514 339
4 507 430
1 506 346
4 482 413
3 559 381
1 475 355
2 525 438
2 497 422
3 560 363
2 524 437
4 522 434
2 560 401
2 509 432
4 466 365
3 549 354
1 501 345
1 533 354
1 487 347
2 533 435
2 551 425
1 514 338
2 542 429
1 505 344
2 501 422
1 478 347
4 462 378
4 469 403
3 560 385
2 470 404
2 503 420
2 506 424
1 526 345
1 563 389
2 545 423
3 548 356
3 556 423
4 482 392
3 555 373
2 560 402
4 477 348
1 466 363
1 492 339
3 558 369
3 552 421
2 542 430
4 466 387
2 520 431
2 531 434
3 558 392
1 544 352
2 512 432
4 488 393
3 558 368
1 540 347
3 535 432
3 561 386
3 550 359
4 463 370
1 527 344
3 556 372
1 529 342
3 557 411
3 562 386
1 559 362
3 556 380
2 531 435
1 529 341
1 526 344
2 493 415
4 487 393
2 496 422
4 469 402
3 561 388
2 469 404
2 497 423
3 531 345
1 540 346
3 544 413
1 504 342
2 503 421
1 533 353
2 520 432
2 526 434
1 525 344
1 564 389
3 530 343
2 540 430
2 555 424
1 537 351
2 525 439
2 470 405
2 526 435
1 530 342
3 554 374
4 474 355
4 523 436
1 493 340
1 484 349
3 565 389
1 509 351
4 477 350
2 541 429
2 548 425
2 543 429
2 492 417
1 468 362
2 545 424
4 462 371
1 475 354
4 474 356
1 521 341
3 551 359
4 481 392
2 465 383
3 557 380
4 471 360
3 515 339
2 561 401
4 490 341
4 468 401
4 464 372
2 548 426
4 524 438
2 461 370
1 493 339
1 542 348
2 507 431
1 532 352
4 464 383
2 522 435
2 550 426
3 553 418
2 541 430
3 530 341
3 536 433
3 562 398
4 479 417
2 534 435
1 531 344
4 467 385
1 475 353
3 564 391
4 478 410
4 466 388
2 475 407
4 467 362
4 465 381
2 559 401
1 494 341
4 487 346
3 551 426
4 521 435
3 545 413
1 505 343
2 538 432
1 483 349
1 547 353
2 484 417
4 489 342
4 477 349
3 562 400
1 502 345
1 554 364
4 468 403
4 512 433
2 556 424
4 485 395
2 461 371
3 531 342
2 522 436
1 560 362
2 525 440
2 563 392
1 495 339
1 469 362
2 468 404
1 519 343
1 534 352
1 493 338
1 485 349
3 565 390
4 507 427
2 551 427
1 527 343
2 479 418
2 483 421
4 492 338
3 549 356
2 501 423
1 545 355
2 527 436
1 502 344
2 554 426
3 541 346
4 478 351
3 545 352
3 549 361
3 550 356
1 466 362
3 557 406
2 517 432
4 483 414
2 502 420
2 496 423
2 490 422
1 521 340
1 545 351
2 495 421
4 472 398
3 560 370
2 468 405
3 563 386
2 508 432
3 560 381
2 494 418
2 523 437
1 526 343
1 551 358
2 530 434
2 498 416
3 542 350
1 543 348
1 497 338
1 560 361
1 473 358
2 460 369
3 558 396
4 481 416
1 474 354
3 544 349
3 535 435
2 508 433
2 488 422
4 485 423
2 499 417
1 519 342
3 515 338
3 552 358
1 537 350
1 520 341
4 477 351
4 509 425
4 473 357
3 553 421
1 490 339
3 563 400
1 467 361
4 462 366
4 471 359
2 476 405
1 499 346
4 470 360
4 474 407
1 505 342
3 566 389
3 547 414
1 493 337
4 476 350
3 567 389
3 555 374
1 466 361
4 486 346
1 529 340
3 542 346
1 483 348
3 561 402
3 531 343
2 495 422
4 489 341
3 548 377
2 497 424
2 464 384
3 555 426
3 526 440
2 480 419
2 503 422
4 462 379
2 546 428
1 510 350
1 516 342
4 488 341
2 554 427
4 485 391
4 462 374
1 476 349
2 461 372
2 520 433
3 564 400
4 509 426
1 561 385
3 565 391
4 473 355
4 461 366
4 459 367
2 473 404
3 551 404
1 527 342
4 461 376
4 481 413
1 546 354
2 535 436
2 508 434
3 539 432
2 496 424
3 548 355
1 506 345
4 460 371
2 492 418
4 469 397
3 561 381
1 546 353
3 555 425
4 485 346
4 473 354
3 543 346
2 522 437
3 526 438
2 552 425
1 480 348
2 499 418
4 463 383
3 540 432
3 555 403
4 468 397
3 532 344
3 526 437
1 543 345
1 515 337
1 477 347
3 552 416
1 508 350
2 469 405
3 557 382
2 522 438
4 487 345
3 560 384
4 476 396
4 506 427
2 517 433
1 567 388
3 539 431
2 471 404
1 478 346
1 471 358
4 484 391
4 479 419
2 545 425
2 539 433
4 488 342
4 480 416
1 526 342
2 532 435
1 526 341
4 476 351
4 459 371
2 538 433
3 544 378
3 550 357
3 559 369
1 527 341
2 470 406
4 478 417
3 549 355
2 467 401
1 505 341
2 500 420
2 512 434
3 540 433
4 473 356
2 508 435
1 509 350
2 551 428
3 541 432
4 460 372
2 498 417
4 477 346
1 567 387
3 557 372
2 520 434
1 473 353
2 488 423
4 459 368
4 469 389
1 490 338
1 526 340
3 526 439
4 470 358
2 497 425
3 545 379
2 469 406
2 505 425
4 479 352
2 521 436
4 489 340
4 478 419
3 556 419
3 560 364
3 558 406
4 482 421
1 478 345
1 545 350
2 565 392
3 555 427
2 558 408
3 548 417
4 465 361
3 549 377
2 493 416
2 546 429
3 552 359
2 461 377
2 560 403
1 481 346
2 507 432
4 463 382
2 555 428
2 517 434
4 480 392
1 477 345
1 544 348
4 476 347
3 550 360
1 486 345
1 524 344
3 527 439
1 531 341
2 486 425
3 559 368
2 497 426
2 524 439
2 487 422
1 511 346
2 552 426
4 462 382
2 485 425
3 558 372
4 484 424
2 496 425
4 462 375
1 553 365
3 562 399
2 550 427
2 555 429
1 526 339
3 546 352
3 545 349
4 472 355
2 495 423
3 557 419
3 557 395
3 561 397
1 540 345
4 468 402
2 497 427
4 467 405
4 507 435
4 487 341
1 537 349
1 463 365
2 553 425
4 506 431
4 465 364
4 482 414
4 507 429
3 559 406
1 505 340
2 538 434
3 553 358
1 548 353
2 493 417
1 537 348
4 477 410
4 506 432
3 561 361
2 482 422
2 537 432
2 550 428
2 491 418
1 510 349
4 460 377
4 466 380
1 483 347
4 465 362
4 467 404
1 513 338
4 523 439
4 479 416
1 477 344
2 524 440
4 466 386
3 562 381
2 490 423
3 556 427
4 481 420
3 560 368
1 459 366
4 489 339
4 475 349
1 559 361
1 567 386
2 532 436
1 530 340
3 552 420
4 496 426
1 508 349
3 561 384
3 545 412
2 470 407
1 495 338
3 546 350
1 557 361
4 473 390
2 527 440
1 531 340
2 505 426
2 539 434
2 482 423
3 546 413
3 557 405
1 541 345
3 563 398
4 467 402
2 476 406
1 505 339
2 501 424
3 560 406
1 537 347
4 469 360
2 476 407
1 513 337
1 525 343
2 471 405
3 561 403
2 525 441
1 502 343
3 549 376
3 553 420
4 475 350
4 465 363
4 478 408
4 472 353
3 563 381
2 514 433
2 464 385
4 471 353
3 546 349
4 486 341
1 559 360
4 472 357
1 505 338
3 526 441
2 537 433
1 477 343
3 566 392
1 481 345
2 526 442
2 546 430
3 568 386
4 480 420
1 487 340
4 479 420
4 478 352
1 499 345
4 460 370
4 481 423
1 495 337
3 564 398
4 484 395
1 480 347
4 496 427
1 536 355
4 507 433
4 520 436
4 481 421
4 476 346
2 478 420
2 465 384
4 478 416
2 559 407
3 516 338
1 501 344
2 544 426
4 506 433
2 543 430
3 547 430
4 466 402
4 477 419
1 463 364
2 481 424
2 548 427
4 462 383
1 525 342
2 503 423
2 548 428
1 563 380
1 566 388
2 491 419
2 494 419
1 532 343
3 556 371
3 556 426
2 494 420
2 545 426
2 509 433
3 562 402
4 458 368
1 475 348
1 512 346
4 468 389
3 568 387
4 467 389
3 546 379
3 562 361
4 495 426
4 465 380
1 467 360
1 521 339
3 552 422
4 461 382
3 556 410
1 502 342
3 517 338
3 559 396
3 550 377
4 519 436
2 544 427
2 532 437
4 464 380
4 507 434
2 502 421
4 522 439
4 466 389
2 498 418
3 561 368
4 467 399
3 545 378
3 558 411
2 482 424
3 560 396
2 472 404
3 550 354
3 516 337
3 562 384
1 458 367
1 525 341
1 550 353
1 494 340
1 544 347
4 469 407
1 531 339
4 466 405
3 560 393
2 532 438
2 500 421
3 561 364
3 562 403
3 558 419
4 460 376
3 559 383
1 475 347
2 550 429
4 488 339
3 518 338
4 460 382
1 495 336
1 499 344
2 484 425
2 528 436
4 459 376
3 547 352
1 471 352
1 498 342
1 488 338
3 533 343
2 485 426
2 483 422
3 527 441
4 505 431
2 525 442
4 465 389
3 569 386
1 491 339
4 458 366
1 501 343
2 470 408
4 481 415
3 545 347
1 466 360
2 473 405
4 461 379
4 479 392
1 500 343
1 507 345
4 462 364
2 499 419
2 560 407
3 556 428
2 500 422
4 466 404
3 559 411
4 480 424
1 514 337
3 557 410
3 558 395
1 479 347
4 480 421
1 471 351
4 480 413
2 466 406
1 555 366
3 557 424
1 513 336
2 464 386
3 548 352
4 475 346
1 489 338
3 561 362
4 462 373
3 551 356
2 518 426
1 528 342
3 552 356
1 468 361
3 550 355
3 514 336
2 493 418
1 486 340
2 564 401
3 551 354
1 524 343
3 560 369
3 563 384
1 472 352
2 472 405
1 567 385
2 526 443
4 477 420
4 476 410
1 517 337
1 539 349
1 474 353
4 466 399
4 458 376
4 521 438
1 487 339
3 567 392
4 479 413
4 470 353
4 477 417
2 473 406
4 461 375
4 457 376
1 534 351
4 506 429
3 561 363
3 565 398
2 481 425
3 563 394
1 527 340
4 469 408
2 510 430
3 563 402
1 542 345
4 467 397
2 562 404
2 488 424
4 459 382
4 486 339
3 546 347
2 465 390
4 465 405
4 494 336
4 518 436
2 542 431
2 471 406
2 473 407
1 544 346
1 548 351
1 531 338
4 465 387
1 522 342
2 489 423
1 511 345
2 529 436
4 476 343
3 568 385
1 475 345
1 525 340
1 539 348
2 545 427
1 502 341
1 545 346
2 545 428
3 562 368
4 464 405
4 461 383
3 551 353
3 549 351
3 547 350
4 481 412
3 550 376
2 458 377
4 471 398
2 565 399
3 550 351
2 562 405
4 471 355
1 468 360
1 523 345
2 521 439
2 515 432
4 470 351
2 479 421
1 546 346
2 514 434
1 462 363
4 478 392
4 475 410
3 561 365
2 505 432
1 509 349
3 533 344
1 540 344
4 507 428
2 534 436
4 463 384
3 569 385
2 560 408
1 558 363
3 554 421
2 462 384
3 563 405
3 528 441
1 520 340
4 469 351
2 555 430
3 556 373
4 464 362
2 543 431
3 557 423
1 544 345
1 532 342
3 560 411
1 525 339
4 523 440
1 534 350
3 563 361
2 484 426
4 465 360
4 477 416
1 514 335
1 564 388
1 520 339
2 512 435
1 515 336
1 490 337
2 559 412
1 529 339
3 545 345
3 553 422
3 558 367
1 509 348
1 526 338
4 470 398
4 480 412
1 513 335
1 472 351
4 464 390
3 559 367
1 508 348
1 545 344
4 478 421
1 512 345
3 564 394
1 482 349
4 470 359
2 494 421
4 469 359
1 481 344
2 478 422
1 516 336
1 537 346
4 487 342
2 541 433
1 465 359
4 485 340
2 531 436
4 478 409
3 562 397
3 557 428
2 502 422
1 532 341
1 504 341
1 506 344
1 521 338
3 565 401
4 506 428
4 461 374
1 517 336
4 468 351
3 566 398
4 487 338
3 563 368
2 489 424
2 457 377
2 560 412
3 547 415
2 458 378
4 464 360
2 474 408
2 482 425
4 477 409
1 469 350
2 562 406
2 540 434
1 500 342
1 472 350
4 458 371
2 464 406
2 548 429
3 566 401
4 472 354
2 511 429
2 460 383
3 566 390
3 563 404
1 462 362
4 467 351
1 544 344
1 516 335
2 508 436
2 462 385
3 553 359
1 460 366
2 493 419
3 558 423
3 557 371
4 471 357
1 546 345
2 554 428
2 525 443
1 567 384
4 464 389
1 459 365
2 488 425
4 474 345
1 473 352
3 548 350
1 548 349
2 488 426
4 460 374
2 463 385
4 476 417
3 561 411
2 538 435
2 509 434
1 492 337
4 470 355
1 482 348
3 565 394
2 484 427
1 470 350
4 459 370
3 549 350
4 468 407
4 475 396
2 529 437
2 520 437
4 457 378
4 459 369
3 557 427
4 468 350
1 507 344
3 561 396
3 547 346
3 533 437
4 477 421
4 460 379
1 472 349
3 533 342
2 483 423
2 500 423
1 490 336
4 512 335
2 521 440
4 519 437
3 562 396
3 551 357
4 469 398
3 564 404
1 483 346
1 507 343
3 570 385
3 544 431
1 499 343
2 469 409
4 463 406
1 529 338
1 513 334
3 564 402
1 548 348
2 461 384
1 537 345
1 512 334
4 524 441
3 529 441
1 484 348
4 471 349
1 565 388
3 548 346
4 507 436
1 499 342
3 551 376
1 509 347
2 557 429
4 468 398
3 554 422
3 564 380
3 555 421
3 563 406
3 547 347
4 457 366
2 566 402
1 519 341
1 538 350
3 564 381
3 534 342
3 568 388
2 476 418
1 507 342
1 543 344
3 561 393
3 547 413
3 559 372
4 457 371
4 460 375
3 535 342
2 560 413
4 467 350
3 518 337
3 548 415
4 465 402
4 471 354
1 553 357
4 520 440
2 502 423
4 474 396
3 561 369
1 527 339
1 543 343
4 474 347
1 535 341
2 495 427
4 465 399
3 564 361
3 546 378
3 555 422
1 480 346
1 476 342
3 564 406
3 567 390
3 566 391
1 560 360
1 472 348
1 532 340
1 559 359
3 562 393
1 466 359
2 494 422
2 485 427
3 554 420
4 477 422
1 480 345
4 464 359
4 489 337
4 466 401
2 569 387
1 559 358
2 460 384
4 485 341
3 565 361
1 556 364
1 498 341
1 475 344
2 531 437
1 472 347
4 478 413
3 550 350
1 494 335
1 540 343
3 552 353
1 505 337
4 463 380
3 565 400
1 542 344
1 469 349
3 571 385
2 567 393
2 522 440
4 473 396
2 500 424
1 549 349
2 511 430
4 483 426
3 556 421
1 527 338
1 543 342
1 544 343
3 542 432
2 507 437
1 515 335
3 556 425
1 467 349
3 541 434
3 547 378
3 527 442
2 471 407
1 510 348
2 569 388
2 527 443
3 564 405
4 483 427
1 473 351
4 459 379
2 505 433
2 486 426
2 502 424
3 549 348
1 484 347
2 503 424
2 482 426
2 562 407
2 560 414
2 558 424
2 548 430
2 510 431
1 568 384
1 478 344
1 563 360
4 489 336
1 530 339
2 543 432
3 564 360
4 511 334
4 464 381
3 562 365
4 474 344
4 461 363
2 552 427
3 562 369
3 565 360
3 534 437
2 460 385
1 504 340
4 504 432
3 559 375
4 459 385
3 565 380
2 482 427
3 517 335
4 459 384
3 552 354
2 552 428
2 557 430
2 545 429
1 535 340
2 512 436
2 499 420
4 456 378
3 547 345
2 458 379
1 493 336
3 542 434
4 456 377
2 530 435
4 467 398
2 538 436
2 462 386
2 475 411
3 560 375
2 473 408
4 519 440
1 467 348
2 562 408
4 505 429
4 461 373
3 561 412
3 565 405
3 553 353
2 542 435
3 562 412
2 502 425
3 567 401
3 543 435
2 503 425
4 468 409
2 495 428
3 566 394
2 464 407
4 520 439
3 566 400
4 480 425
3 555 420
1 555 365
2 549 427
4 506 435
1 474 343
2 561 413
1 486 338
3 561 375
4 488 336
4 473 343
3 567 391
2 549 428
3 559 419
4 484 341
3 562 363
2 459 386
2 481 426
2 534 438
1 526 337
3 527 337
4 481 427
3 567 394
2 515 433
1 460 365
2 535 437
4 466 349
3 557 426
3 568 389
2 544 432
1 510 347
2 560 415
2 500 425
4 476 419
3 568 390
1 566 387
2 463 407
1 469 348
2 566 403
1 461 362
2 544 433
3 514 334
3 560 367
3 532 339
3 567 400
2 559 420
3 567 403
3 560 366
1 461 361
2 460 386
3 518 336
4 464 402
2 522 441
2 568 391
2 539 435
1 473 342
1 528 341
2 491 420
2 493 420
4 506 430
1 502 340
2 571 386
4 475 417
1 522 341
3 563 397
2 534 439
3 568 401
4 456 376
3 563 408
4 460 373
4 485 338
4 458 370
3 563 369
1 509 346
1 479 346
4 464 399
3 557 373
4 484 338
1 464 358
2 494 423
3 549 352
1 526 336
2 519 441
3 535 438
4 483 395
4 457 367
4 479 412
1 456 375
4 459 374
3 549 346
3 569 401
1 510 346
1 530 338
3 558 426
1 544 342
1 516 334
2 458 380
4 463 405
1 489 335
3 561 366
2 543 436
4 457 379
1 463 363
4 469 355
3 558 427
4 466 351
1 525 338
2 562 413
4 463 402
3 554 418
2 524 442
2 532 439
4 472 343
1 543 341
4 518 440
3 551 351
4 520 438
2 570 386
4 468 355
1 473 341
1 489 334
4 466 398
2 527 444
2 463 408
4 477 413
4 464 387
4 476 421
1 561 360
3 562 366
2 496 428
2 500 426
2 556 429
3 536 438
4 504 429
4 475 419
4 465 388
1 558 362
3 537 438
3 568 403
3 528 443
4 467 409
2 476 422
4 467 355
2 525 444
2 458 381
1 460 364
3 566 360
2 479 422
2 513 434
4 480 426
2 492 419
1 570 384
4 470 357
1 509 345
4 465 400
4 474 346
4 523 442
2 549 429
2 468 410
1 534 341
3 536 340
4 522 442
1 484 337
2 462 387
2 571 387
1 489 333
1 501 342
4 503 432
1 479 345
3 550 349
4 457 368
1 555 364
2 541 435
2 531 438
1 545 343
2 481 428
3 558 410
2 491 421
1 457 365
2 469 410
3 563 413
2 474 409
2 492 420
1 470 349
1 470 348
3 532 338
3 568 400
2 530 436
3 529 443
3 555 418
1 549 345
2 570 387
1 477 342
3 560 372
2 506 436
2 535 439
4 473 344
1 564 359
4 466 397
1 474 342
3 558 430
2 518 441
2 464 408
3 550 346
2 473 409
1 457 364
4 458 374
3 572 385
2 569 402
3 551 355
2 552 429
2 558 431
2 509 435
1 514 333
4 456 367
2 456 379
4 479 425
1 568 383
1 565 359
4 462 406
1 550 345
1 474 341
4 473 345
2 557 431
1 561 359
2 535 440
1 461 360
2 563 414
4 488 334
2 508 437
2 550 430
1 541 344
4 458 369
2 502 426
3 561 367
1 484 336
4 477 392
1 470 347
1 487 337
4 465 404
3 563 396
4 466 409
4 485 339
2 544 434
3 567 360
4 456 368
1 462 361
3 566 380
2 508 438
3 564 413
1 525 337
2 515 434
4 481 414
3 536 437
4 456 365
3 527 336
3 558 373
1 569 384
3 545 434
3 570 388
2 482 428
3 558 382
2 507 438
2 511 431
3 559 373
2 497 428
2 459 387
4 475 422
1 544 341
2 473 410
4 466 350
1 528 340
2 540 435
1 499 341
1 531 337
3 533 338
2 534 440
3 550 352
4 473 346
4 479 426
2 504 433
1 506 343
3 556 422
1 480 344
2 490 424
1 537 344
2 477 423
4 475 421
4 470 352
4 502 432
2 530 437
3 562 411
2 539 436
4 465 350
4 488 333
3 568 393
4 474 411
3 569 393
4 456 371
3 559 395
4 462 407
2 503 433
2 464 409
2 479 427
4 475 418
2 545 435
4 474 422
4 462 408
3 568 392
3 534 338
1 483 345
1 548 345
1 476 341
3 554 357
4 487 334
4 476 413
2 503 434
4 464 388
3 551 349
2 466 410
3 558 429
3 528 442
1 562 360
4 469 353
1 567 359
2 532 440
4 457 380
1 504 339
4 468 353
3 528 336
3 564 397
2 561 414
1 489 332
3 566 361
2 530 438
4 455 367
4 472 346
4 463 390
1 530 337
1 516 333
3 569 391
2 528 444
1 569 383
3 567 361
1 495 335
2 518 442
3 551 377
3 560 373
4 478 426
3 566 399
2 480 427
3 559 382
4 461 406
3 560 382
1 526 335
1 537 343
2 498 419
4 488 335
3 558 371
3 547 379
1 479 344
4 463 359
1 496 339
1 488 332
4 471 343
4 502 434
4 506 438
1 467 347
2 518 443
2 538 437
4 463 388
2 461 407
1 488 331
2 545 436
3 563 365
1 490 335
4 472 356
1 520 338
4 478 412
3 568 359
1 476 340
2 525 445
4 506 437
1 473 340
3 536 439
3 545 341
4 464 350
3 557 421
1 533 337
2 491 422
4 460 363
1 469 347
1 527 335
1 464 349
1 563 359
4 464 404
2 477 424
1 476 339
1 539 347
3 559 427
3 568 361
4 471 356
2 482 429
4 505 430
1 483 344
3 569 361
3 565 397
3 557 425
1 502 339
4 455 379
3 554 353
2 535 441
4 504 431
1 544 340
3 562 375
4 462 388
1 471 342
4 519 439
4 481 429
1 519 340
2 564 414
4 467 353
3 534 337
3 546 341
3 549 417
3 563 363
4 456 364
4 504 430
2 484 428
2 479 428
3 548 379
2 532 441
1 484 335
2 545 437
2 549 430
2 479 429
4 457 369
3 536 440
1 466 348
1 533 336
4 474 421
4 505 436
4 483 338
2 529 444
1 466 347
4 462 359
1 523 344
2 467 410
1 457 363
4 462 402
4 456 366
3 533 339
2 546 431
3 564 369
4 476 420
1 534 336
4 472 341
4 465 347
1 532 337
4 505 435
4 462 405
4 477 412
4 483 336
4 501 432
2 566 404
1 483 335
4 524 444
4 469 357
1 511 333
4 472 345
2 464 410
4 465 398
2 477 425
4 517 443
4 467 403
2 565 406
4 472 344
4 473 411
1 534 335
1 524 342
3 535 337
1 468 349
1 566 359
1 547 344
4 464 347
2 474 423
4 482 335
4 459 383
2 490 425
2 526 444
3 570 383
4 460 362
1 543 340
2 478 427
4 471 345
3 550 348
2 499 421
4 468 357
1 563 358
2 546 432
4 475 339
1 486 337
4 476 416
3 490 332
1 503 341
4 455 364
2 568 404
3 564 368
2 534 441
4 478 429
3 537 440
4 463 404
3 553 416
2 512 437
4 460 360
3 570 401
4 487 331
1 500 341
2 566 405
3 561 415
3 563 412
4 473 422
1 463 358
1 519 339
3 530 443
4 475 420
1 572 384
2 495 429
3 567 380
3 538 440
4 503 431
1 473 339
1 536 339
2 485 428
1 456 363
2 564 415
4 473 421
4 517 441
3 559 431
3 560 420
2 535 442
1 557 360
4 470 356
3 536 442
2 543 437
3 550 417
2 568 405
2 471 408
2 528 445
4 459 373
2 544 435
2 519 442
2 548 431
3 557 422
4 472 339
2 567 404
4 474 417
2 458 382
1 492 336
1 547 343
3 561 382
3 545 433
1 478 343
3 565 414
4 455 368
4 467 357
1 492 335
1 469 346
4 480 415
4 463 389
1 530 336
4 501 434
4 458 384
1 556 363
3 546 433
2 481 430
2 563 415
1 465 346
2 565 415
1 467 346
3 572 386
4 518 439
1 510 345
2 509 436
4 470 342
1 472 338
2 516 433
3 560 427
3 554 416
1 471 341
3 560 395
1 497 337
1 495 334
2 494 424
4 500 432
2 539 437
2 530 444
1 552 352
2 536 443
1 569 360
2 542 436
1 468 348
2 530 445
1 572 383
4 474 420
2 513 435
4 483 391
2 517 444
2 481 431
3 556 374
1 505 336
4 473 417
2 488 427
4 460 361
1 501 341
2 517 445
3 558 425
4 454 379
2 554 429
4 461 359
1 554 352
4 454 367
3 569 404
1 475 338
1 561 358
2 500 433
1 525 336
2 558 432
2 562 414
3 548 344
2 569 405
1 565 358
3 553 354
2 521 441
1 510 344
3 570 361
2 503 435
3 552 376
3 535 336
2 534 442
3 564 363
1 556 362
1 505 335
4 470 341
3 571 401
4 459 361
4 477 427
2 469 411
1 531 336
3 554 354
4 472 396
1 470 340
1 550 344
3 569 400
1 556 361
1 488 330
3 564 408
3 551 346
1 531 335
1 504 338
4 463 409
1 483 334
4 487 332
1 456 362
2 504 434
3 555 353
2 486 427
4 454 368
3 565 363
4 465 351
1 552 351
2 485 429
2 521 442
3 563 375
4 453 379
3 559 424
2 484 429
4 462 404
1 501 340
2 478 430
1 527 334
3 571 361
4 463 399
3 570 402
3 545 340
2 470 409
2 534 443
1 561 357
4 471 339
3 556 418
3 552 349
1 460 359
1 543 339
4 471 344
4 461 408
1 559 357
3 553 356
1 564 358
2 552 430
2 502 435
2 474 424
2 563 416
1 508 347
2 504 435
4 466 357
2 491 423
1 508 346
3 553 349
4 483 337
1 523 343
1 460 358
2 542 437
4 476 425
2 555 431
3 570 404
1 499 340
3 491 332
2 568 406
1 554 351
2 553 426
3 569 403
4 461 405
3 552 346
1 457 362
4 477 429
3 558 428
3 556 353
2 530 446
3 551 344
3 564 375
4 471 338
4 469 340
4 504 436
3 559 429
3 559 371
3 573 385
4 455 366
1 524 341
1 493 335
3 546 435
4 460 406
2 499 422
2 563 417
3 559 425
1 480 343
2 508 439
4 463 349
4 486 331
1 477 341
2 543 438
2 464 411
3 560 431
4 455 371
1 540 342
2 551 429
2 517 446
1 551 343
2 489 425
3 546 436
3 564 417
1 456 361
1 538 349
4 458 386
3 571 404
3 570 393
2 549 431
3 566 414
4 469 352
3 573 383
4 487 333
2 476 426
4 455 376
2 489 426
3 569 406
2 509 437
4 462 399
3 551 348
2 468 411
3 567 398
2 478 431
2 485 430
2 510 432
2 489 427
4 453 367
4 517 440
2 454 380
2 537 441
2 551 430
4 483 394
1 511 332
2 514 435
4 456 369
1 476 338
3 571 393
2 523 443
1 496 338
1 569 359
4 479 415
2 548 432
1 572 382
3 545 342
3 559 428
2 502 436
1 573 382
2 487 423
4 455 375
4 482 334
1 483 333
1 495 333
3 572 393
4 455 362
1 517 334
1 538 348
3 564 365
3 557 374
1 560 359
2 533 438
3 565 381
1 571 360
3 544 339
1 561 356
4 481 335
4 475 416
1 463 348
3 565 375
1 547 342
2 540 436
4 457 384
1 497 336
2 523 444
2 528 446
3 528 334
2 511 432
3 570 406
4 486 393
2 517 447
1 500 340
2 555 432
1 465 345
3 565 413
4 452 379
3 537 443
4 459 360
4 452 367
2 539 438
3 551 350
3 568 380
2 470 410
1 480 342
1 463 347
3 561 395
4 475 425
1 533 335
4 476 392
3 562 364
3 572 360
4 462 347
4 480 414
1 533 334
3 489 330
3 545 339
1 510 343
2 514 436
4 466 353
3 557 353
2 537 444
1 544 338
3 531 446
2 567 405
3 558 422
3 537 442
1 519 338
2 569 407
4 480 335
2 539 439
3 557 418
1 545 338
4 459 372
1 457 361
4 475 413
4 500 434
3 553 376
2 454 381
1 546 340
3 558 418
4 507 439
1 515 334
4 453 380
2 519 443
3 571 402
2 519 444
3 565 417
4 458 372
4 463 410
3 560 371
2 472 406
3 566 358
2 570 407
3 536 337
4 474 418
1 493 334
2 467 411
4 486 332
3 568 398
2 488 428
1 495 332
2 452 380
3 559 418
3 572 401
1 559 356
2 516 434
2 486 428
4 468 352
1 535 335
4 469 356
3 490 330
3 570 400
4 454 366
1 466 346
3 561 420
3 561 373
3 544 438
2 490 426
3 560 419
3 572 387
3 554 349
2 539 440
4 478 428
4 457 386
3 571 406
4 501 436
2 486 429
2 531 447
4 465 401
3 571 400
1 488 329
4 462 390
3 547 433
1 520 337
2 500 435
3 567 358
3 532 447
1 565 357
1 532 336
3 512 332
3 572 361
4 477 431
1 548 343
2 535 443
1 509 344
3 546 339
1 490 329
3 547 339
2 572 402
3 555 349
2 505 437
4 478 415
3 540 439
4 482 395
3 556 409
4 463 411
3 560 428
3 559 410
4 468 340
2 572 403
3 573 360
1 555 348
3 559 430
4 469 341
4 457 382
1 475 337
2 525 446
1 563 357
4 506 439
2 557 432
3 555 354
4 466 403
2 481 432
2 477 432
3 562 420
3 558 421
1 554 348
4 453 381
4 476 429
4 460 407
2 564 418
3 548 378
3 572 406
3 545 438
3 566 415
4 465 353
2 517 448
2 548 433
4 465 397
1 540 341
2 522 443
4 454 362
1 539 346
4 473 418
2 501 437
3 559 421
2 527 445
4 474 416
3 564 416
2 571 407
2 473 423
1 511 331
2 538 441
3 566 375
1 519 337
3 561 372
1 531 334
2 494 425
2 474 425
2 453 382
2 520 441
4 453 368
2 467 412
1 541 343
3 568 394
1 554 347
3 560 421
3 565 416
4 473 416
2 516 435
1 514 332
4 516 441
1 499 339
4 505 439
4 464 345
2 516 442
1 497 335
4 504 439
4 459 406
1 546 338
3 561 428
4 474 413
4 462 411
2 479 430
1 568 358
1 567 357
4 464 400
1 538 347
4 461 347
3 564 412
4 460 347
3 572 404
2 482 430
2 556 430
2 543 439
1 493 333
4 465 357
1 520 336
3 560 425
3 540 440
4 467 340
1 559 355
3 571 388
2 468 412
3 548 339
2 515 435
4 456 384
2 493 421
4 465 403
3 559 426
3 573 384
1 479 343
4 481 334
1 550 343
3 573 393
2 503 436
4 454 364
4 455 378
4 461 411
2 526 445
3 533 447
2 544 439
1 456 360
3 512 331
1 526 334
2 496 429
3 547 435
4 515 441
4 451 367
3 568 357
4 455 361
2 456 385
3 563 366
2 549 432
4 500 436
2 557 433
2 487 424
3 538 444
3 549 339
1 459 359
4 515 442
4 482 391
1 499 338
2 527 446
1 510 342
4 470 354
2 555 433
4 499 434
4 475 426
2 527 447
3 559 432
2 531 448
2 551 431
4 454 371
3 572 407
4 454 375
1 491 331
1 502 338
3 564 366
1 551 342
2 501 438
3 570 405
4 460 411
3 552 342
3 555 352
1 527 333
2 540 441
1 487 330
1 453 366
2 508 440
3 556 352
1 518 335
3 574 383
4 452 381
4 459 358
2 475 427
2 535 444
2 541 436
4 469 342
4 457 370
4 455 384
2 563 418
3 556 354
3 560 430
1 488 328
4 469 354
1 548 338
4 500 437
4 477 415
2 561 429
4 455 365
4 460 408
3 570 359
1 521 337
1 563 356
2 459 407
3 566 381
2 534 444
4 499 433
1 569 358
1 563 355
3 566 417
3 562 428
4 461 399
3 573 401
2 571 408
3 564 396
4 464 357
4 462 389
2 503 437
4 450 367
2 556 431
4 458 383
1 468 339
4 486 330
3 566 413
1 529 337
2 557 434
3 571 359
2 505 440
1 557 352
1 523 342
2 476 430
1 495 331
1 528 333
2 546 437
3 556 348
4 499 436
3 561 425
2 508 441
2 467 413
4 457 372
1 516 332
2 544 440
4 475 392
1 568 356
4 474 419
2 481 433
3 563 364
1 510 341
2 472 407
4 468 354
3 558 352
3 567 417
4 463 400
2 509 438
4 464 403
1 465 344
1 475 336
3 556 349
2 535 445
2 456 386
1 561 355
2 498 420
3 570 391
4 479 414
3 566 397
1 536 336
4 474 392
4 458 406
3 537 336
4 459 411
1 473 338
1 513 333
1 514 331
4 461 402
4 454 361
1 524 340
4 500 438
4 452 368
2 527 448
4 452 382
4 468 342
4 455 385
3 532 446
2 460 412
1 523 341
1 548 337
1 459 357
1 538 346
1 489 329
2 473 424
4 472 423
1 553 348
1 478 342
1 553 347
1 540 340
2 454 382
1 475 335
3 559 422
2 466 411
2 571 409
4 464 398
4 457 374
4 472 418
4 499 438
1 533 333
4 449 367
1 492 334
2 511 433
1 457 360
1 450 366
2 470 411
1 535 334
2 471 409
2 460 413
3 550 339
3 565 368
1 557 351
2 469 412
2 511 434
3 545 440
1 453 365
3 558 353
3 558 433
2 460 414
2 569 408
3 547 341
3 561 431
2 528 447
3 489 328
2 505 441
4 516 444
2 454 383
1 535 333
2 456 387
3 569 390
2 478 432
1 532 335
2 533 448
2 512 438
2 573 402
2 493 422
4 476 431
2 476 432
4 464 346
4 473 419
3 549 378
3 555 347
3 566 416
2 451 368
1 548 336
3 567 414
4 451 379
2 452 383
2 521 443
2 554 430
1 478 341
3 559 423
3 567 381
1 475 334
1 518 334
2 465 406
4 515 444
2 569 409
1 469 339
2 510 433
3 561 421
2 523 445
2 567 418
2 505 442
2 456 388
4 466 355
4 463 350
3 560 424
1 564 357
3 562 421
1 449 366
3 545 439
2 507 440
3 574 401
4 464 351
4 460 399
3 569 357
4 463 345
3 560 422
2 538 445
3 536 334
2 557 435
2 572 408
1 502 337
1 497 334
4 455 363
1 507 341
1 459 356
4 485 393
1 459 355
2 529 445
3 567 415
2 476 433
2 499 439
4 463 403
3 546 440
1 484 334
1 501 339
1 535 332
1 565 356
4 484 393
3 573 408
1 485 337
2 483 428
3 547 440
4 475 430
4 472 416
1 472 337
3 568 417
2 451 380
4 458 355
3 491 330
3 563 428
2 511 435
1 458 354
2 522 444
2 520 442
2 497 429
4 462 400
4 482 333
2 457 387
4 448 366
1 537 335
1 449 365
3 536 333
1 478 340
4 461 389
4 462 348
2 496 430
3 569 417
3 572 388
2 570 408
2 529 446
4 448 365
3 550 378
1 503 340
2 459 412
1 560 358
3 538 442
3 565 412
1 470 339
4 459 399
4 471 423
1 558 351
1 548 335
2 477 433
3 570 390
4 450 368
1 464 344
1 457 359
1 470 338
3 565 365
3 569 380
3 560 410
2 552 431
3 546 439
2 553 427
1 475 333
3 559 352
2 547 441
1 563 354
1 563 353
4 474 333
4 453 371
2 515 445
1 524 339
3 560 352
1 560 351
4 447 366
2 509 439
3 537 333
1 447 365
2 494 426
2 468 413
2 474 426
2 501 439
1 571 358
2 478 433
3 566 368
2 500 439
2 469 413
1 554 346
4 471 337
3 566 365
2 513 436
2 543 440
2 567 419
1 521 336
4 449 368
2 500 440
4 485 331
3 539 442
2 547 442
4 446 366
3 537 334
3 574 385
4 514 444
3 575 401
1 492 333
1 513 332
4 454 385
3 567 399
2 454 386
3 573 407
4 462 403
1 461 346
2 490 427
4 461 400
4 453 361
2 455 386
1 458 353
1 485 330
1 481 333
4 473 426
2 504 440
3 562 395
3 572 409
2 554 431
3 573 403
4 470 343
4 466 340
2 526 446
3 553 342
1 483 332
2 446 367
2 546 441
1 552 341
1 495 330
1 533 332
4 462 409
2 517 449
1 526 333
2 466 412
1 490 328
3 554 342
2 547 443
1 510 340
3 548 440
4 516 448
2 455 387
1 544 337
3 539 445
2 575 402
3 536 332
3 496 330
4 471 396
2 542 438
3 564 354
2 499 440
1 456 359
4 482 394
2 448 367
2 452 384
3 557 349
4 458 399
3 574 360
4 463 351
1 524 338
1 518 333
4 446 365
3 491 328
2 515 446
1 537 332
1 570 358
3 533 446
3 561 430
2 525 447
1 508 345
4 462 410
2 488 429
4 473 420
1 547 338
4 454 376
4 460 389
1 564 353
2 550 431
2 563 429
4 469 338
4 452 361
3 546 438
4 462 345
1 450 365
2 494 427
1 547 337
2 448 368
4 470 337
4 469 343
2 515 447
4 472 424
4 453 376
2 547 444
3 568 381
4 475 429
4 461 403
2 564 419
2 496 431
1 499 337
1 446 364
3 554 376
4 460 405
2 538 446
1 498 340
3 565 354
3 539 446
1 451 366
1 549 338
2 464 412
1 518 332
4 454 378
4 454 363
4 464 401
4 475 431
3 573 361
2 565 418
2 455 388
4 463 398
1 449 364
2 466 413
2 525 448
1 500 339
2 526 447
3 562 431
3 575 360
2 551 432
3 573 388
3 571 391
1 461 345
2 554 432
2 449 369
3 569 394
3 548 442
3 568 415
2 458 407
1 470 336
4 515 448
2 526 448
4 498 438
3 569 415
1 571 357
1 481 332
1 498 339
1 530 335
2 480 428
1 555 346
2 452 385
2 462 412
1 552 340
4 461 409
1 482 332
3 555 376
2 453 383
4 467 342
3 575 383
3 568 419
1 506 342
2 571 410
1 453 360
1 530 334
3 549 337
3 557 348
1 550 338
2 477 434
1 449 363
3 515 331
4 464 397
1 546 337
3 571 390
1 534 334
2 518 444
4 457 407
2 520 443
4 451 383
3 497 330
1 541 342
3 568 399
2 555 434
2 480 429
3 518 449
2 495 430
4 472 421
4 468 341
1 523 340
4 445 367
3 568 418
2 455 389
3 569 356
2 491 424
1 544 336
4 462 351
4 487 329
3 576 360
1 470 335
3 564 429
1 536 331
1 506 341
2 483 429
4 451 384
4 454 387
1 497 329
4 472 419
2 474 427
2 469 414
2 530 447
4 514 447
4 447 368
2 570 409
2 552 432
3 566 354
4 516 443
4 515 443
2 547 445
3 574 408
2 565 419
3 573 386
1 460 346
2 525 449
3 570 417
3 562 373
4 513 447
1 543 338
2 563 430
3 549 336
1 534 333
2 511 436
3 565 353
4 473 427
4 452 371
3 569 399
2 482 431
1 503 339
4 474 334
4 468 343
4 516 449
1 452 360
4 504 442
4 456 407
3 574 384
4 497 438
4 462 398
1 521 335
1 489 327
1 547 336
3 569 419
4 499 435
1 496 329
1 455 360
4 470 423
2 571 411
2 573 409
3 575 385
2 540 442
2 515 449
2 568 420
3 560 423
2 485 431
4 512 447
4 470 396
4 499 437
4 469 396
3 564 430
3 567 375
1 554 341
2 466 414
4 498 437
1 576 359
3 550 336
1 462 344
1 484 333
4 469 337
1 556 347
3 556 346
3 551 339
4 514 443
3 498 330
3 564 364
4 472 422
3 561 371
4 453 387
1 454 360
2 476 434
4 452 387
4 503 442
1 531 333
2 455 390
1 554 340
2 490 428
4 446 368
2 538 447
1 534 332
3 550 337
3 551 345
3 549 379
2 493 423
2 485 432
3 562 371
4 469 335
4 450 379
2 458 408
3 538 333
1 451 365
4 458 358
3 555 342
1 471 336
1 471 335
2 533 449
1 495 329
1 552 339
1 574 359
3 558 434
3 570 380
4 455 407
2 473 428
4 496 438
1 496 328
3 570 356
3 551 336
1 533 331
2 547 446
1 553 341
4 451 371
3 569 420
3 576 401
1 552 338
4 456 370
3 538 332
3 558 349
1 568 355
4 475 434
1 534 331
1 474 332
4 468 338
2 478 434
2 519 445
1 482 331
1 492 332
3 563 371
1 460 345
3 547 439
1 480 334
2 484 430
2 518 450
2 529 447
2 485 433
3 570 394
2 473 429
2 553 428
3 568 414
4 472 426
4 457 355
2 572 410
4 454 390
3 569 355
4 461 348
3 558 348
4 486 329
1 544 335
3 572 411
4 455 359
2 575 403
1 488 327
4 487 328
4 472 427
3 497 328
3 562 425
2 476 435
3 549 335
3 577 360
2 503 443
3 551 337
1 502 336
4 467 343
3 567 416
2 456 408
1 524 337
2 562 432
3 563 425
2 475 435
3 568 416
1 489 326
1 464 343
2 474 428
3 568 375
2 566 418
2 575 404
3 561 352
4 471 421
2 493 424
3 567 397
4 454 407
1 517 333
1 472 336
2 529 448
1 555 341
3 552 345
4 457 354
1 561 351
4 463 401
2 549 433
4 467 352
1 464 342
3 556 376
4 456 372
1 483 331
4 498 436
1 462 343
1 506 340
4 462 349
4 471 422
1 471 334
1 538 331
1 561 350
2 571 412
1 526 332
3 549 440
1 487 327
1 503 338
4 452 376
4 449 379
2 459 413
4 455 370
4 458 357
3 570 420
2 480 430
3 566 363
1 447 364
3 561 427
4 460 409
2 554 433
4 486 328
4 457 399
3 519 450
4 450 371
1 525 335
2 480 431
4 473 333
2 479 431
2 461 412
1 549 334
4 453 378
1 536 330
2 570 421
3 563 431
4 471 418
4 457 357
3 573 406
4 481 391
3 562 351
4 459 414
3 565 396
1 569 354
4 457 358
2 452 388
3 572 391
1 508 344
2 518 451
4 458 356
3 574 382
3 548 446
1 528 332
4 459 347
3 539 331
3 557 346
4 511 447
4 481 395
2 463 412
1 489 325
1 551 335
4 462 350
2 525 450
1 526 331
3 490 325
3 539 332
1 454 359
1 562 350
1 506 339
2 453 388
2 496 439
2 463 413
4 450 384
3 561 370
1 488 326
2 510 434
4 474 430
4 486 327
3 559 349
3 559 348
3 570 399
2 486 430
3 562 427
3 567 368
1 537 331
2 520 444
4 485 329
3 552 337
3 563 351
3 570 415
1 569 353
1 497 327
1 533 330
2 518 452
3 562 362
1 519 336
4 451 360
1 451 359
2 543 441
3 552 343
4 461 350
4 481 394
1 463 344
3 552 344
2 554 434
3 548 445
1 540 339
4 445 366
3 563 395
2 543 442
2 548 447
2 446 369
3 562 372
4 459 409
2 552 433
4 468 335
4 455 372
1 529 336
4 480 395
2 477 435
1 470 334
3 566 396
2 445 368
4 474 435
3 573 410
1 479 342
3 578 360
1 510 339
3 572 400
3 549 446
2 511 448
2 560 432
1 562 349
3 571 380
1 535 331
1 564 352
3 564 431
3 574 410
3 559 434
2 546 442
4 457 353
1 512 330
3 570 419
4 454 370
2 472 428
2 480 432
3 519 451
1 450 364
4 517 452
3 562 370
1 521 334
2 512 448
4 497 437
3 563 432
1 531 332
4 458 409
3 577 359
3 520 451
1 559 347
2 456 409
4 458 413
1 549 333
4 444 366
1 500 338
1 546 336
2 444 367
4 514 446
2 552 434
2 486 431
3 574 406
4 471 426
3 498 329
3 547 437
4 449 384
2 570 422
3 565 366
2 490 429
4 470 422
2 535 446
2 523 446
3 571 417
2 487 425
1 544 334
2 465 407
2 477 436
4 461 404
3 571 419
4 453 386
1 516 331
2 446 370
1 575 359
3 552 336
4 467 335
3 571 394
4 451 387
4 485 328
3 569 392
1 531 331
1 504 337
1 470 333
3 491 325
4 445 370
2 545 441
2 510 435
1 452 359
3 569 416
3 558 435
2 473 430
1 511 330
3 564 371
3 569 381
3 492 325
4 484 330
1 553 340
3 579 360
2 554 435
3 573 400
4 453 375
2 472 429
4 472 430
2 536 444
1 482 330
4 450 360
1 548 334
1 566 353
2 550 432
2 536 445
3 549 447
3 568 368
4 460 348
4 516 452
3 572 380
2 559 435
1 531 330
3 572 357
4 475 433
4 467 339
2 534 445
3 550 333
2 575 405
2 523 447
1 478 339
2 526 449
4 451 382
3 574 386
1 499 336
3 576 404
3 572 419
1 548 333
1 472 335
4 473 392
1 516 330
4 451 381
1 468 334
1 473 332
2 469 415
2 570 423
1 514 330
3 570 392
3 499 329
1 533 329
3 563 427
1 488 325
2 576 405
4 475 432
2 541 437
2 544 441
3 551 378
2 525 451
2 460 415
1 487 326
2 477 437
1 483 330
4 458 347
4 457 347
2 520 452
1 445 365
4 443 367
2 455 408
3 556 342
2 449 385
2 448 369
1 451 358
2 533 450
2 501 440
4 450 383
4 443 366
4 468 337
4 487 325
4 456 399
2 522 445
2 544 442
2 457 408
3 553 336
1 511 329
4 445 369
4 476 437
3 550 447
4 454 389
2 481 434
2 481 435
1 499 328
1 529 335
2 570 424
2 496 440
4 456 374
4 449 360
4 484 329
4 454 408
4 453 408
2 512 449
4 515 452
1 565 352
4 458 412
3 553 337
3 490 326
1 477 340
4 456 353
1 447 363
2 447 369
1 456 352
4 459 345
3 560 434
3 574 407
1 501 338
3 568 397
3 569 398
4 459 405
2 532 448
4 452 408
3 548 443
1 456 351
1 466 339
1 579 359
4 456 354
2 546 443
2 480 433
3 575 384
2 551 433
2 470 424
2 488 430
4 455 377
1 527 332
2 571 420
2 454 409
1 567 356
4 472 332
4 449 383
2 443 368
4 483 393
1 515 330
4 480 394
3 548 441
3 560 435
2 548 448
3 560 347
2 445 371
3 569 418
3 569 414
3 555 340
2 557 436
2 464 413
1 543 337
4 473 425
2 567 420
2 518 453
4 502 443
2 516 453
4 458 345
3 570 416
3 567 363
1 447 362
3 534 449
1 472 331
3 549 442
3 554 336
2 574 411
3 565 430
3 493 325
1 574 358
2 443 369
1 569 352
3 550 379
3 564 395
4 495 440
3 552 335
4 476 436
3 571 416
1 488 324
4 448 360
1 571 356
3 571 423
1 477 339
4 451 388
2 536 446
4 459 346
1 549 332
2 488 431
3 521 452
3 551 333
4 445 364
3 567 396
1 539 330
3 561 434
1 463 343
1 500 337
2 521 453
1 496 327
4 514 452
1 478 338
1 495 328
3 491 326
4 456 357
2 482 432
3 563 362
2 503 444
4 461 349
3 575 382
4 485 327
4 459 348
3 556 341
1 540 338
2 575 406
2 506 440
2 479 432
3 492 326
4 461 344
4 446 363
2 459 415
3 574 361
1 459 344
4 462 401
3 572 412
4 450 382
2 504 443
2 456 410
2 526 450
2 545 442
4 470 426
3 494 325
4 470 421
4 448 379
4 510 448
1 501 337
1 545 337
3 580 359
1 545 336
1 514 329
1 536 329
4 472 417
2 461 413
1 459 343
3 576 403
2 528 448
1 512 329
3 573 387
1 516 329
1 534 330
1 521 333
4 454 372
1 539 329
4 450 387
4 460 404
1 466 338
4 442 369
4 458 415
2 572 420
2 478 435
1 464 341
3 568 363
4 514 445
1 534 329
2 518 454
2 489 428
2 526 451
4 495 438
3 571 399
4 494 440
2 530 448
4 460 349
1 515 329
1 555 339
2 560 436
3 570 355
1 446 362
3 572 416
2 543 443
3 547 438
2 551 434
4 453 372
4 455 374
4 474 432
3 575 407
1 534 328
2 444 368
2 576 406
3 565 431
1 576 358
3 574 393
1 510 338
2 454 410
4 454 377
2 498 439
4 466 335
3 558 346
1 514 328
2 557 437
2 562 433
4 469 422
1 500 336
1 554 335
4 444 370
3 572 390
2 495 441
1 444 365
4 447 379
1 495 327
4 483 329
1 551 332
4 444 371
2 564 432
3 567 365
1 519 335
1 566 352
3 553 343
3 548 439
2 453 409
4 480 391
4 468 422
2 562 434
3 573 420
1 478 337
2 524 445
2 493 425
3 551 447
2 485 434
1 575 358
4 452 409
4 451 408
1 554 334
3 574 387
3 549 445
2 534 450
4 446 379
4 455 352
3 573 390
2 496 441
2 450 388
4 460 350
2 454 411
3 564 428
4 468 396
4 473 435
2 513 448
4 445 379
2 491 425
1 499 327
1 448 359
4 455 351
2 494 441
3 565 432
3 572 399
1 455 350
1 481 331
4 471 417
4 443 365
2 496 442
1 459 342
2 478 436
4 441 369
1 541 341
4 457 406
4 458 344
1 479 341
1 524 336
4 474 431
2 539 447
4 442 365
1 552 334
4 471 427
1 473 331
4 486 325
3 571 421
2 507 441
4 470 418
2 552 435
2 468 423
3 564 427
1 459 341
3 563 370
1 524 335
4 458 414
1 541 340
1 559 346
1 569 351
1 530 333
4 452 378
2 527 449
3 548 438
1 468 333
2 579 361
3 577 406
4 472 420
3 573 399
4 465 335
3 570 381
3 575 393
4 493 440
3 573 380
2 487 426
2 441 370
3 575 410
4 450 381
2 505 443
1 556 340
3 560 346
3 522 453
1 518 331
2 449 386
4 455 399
4 459 349
1 530 332
3 566 431
3 574 400
1 503 337
3 557 376
4 471 430
1 506 338
2 530 449
4 511 449
2 540 443
4 449 381
3 563 372
3 574 380
1 551 331
3 572 356
2 529 449
1 535 330
2 553 429
1 571 355
2 493 441
4 440 369
2 508 442
1 452 358
1 552 333
1 575 357
1 535 329
1 442 364
3 555 334
1 564 351
4 441 365
2 457 409
1 497 326
4 453 377
4 442 367
1 566 351
3 564 370
1 532 334
4 449 388
2 465 408
2 475 436
3 540 329
4 457 414
4 444 379
3 563 433
4 458 342
4 470 417
3 558 376
2 512 450
4 472 392
1 525 334
1 484 328
4 443 379
2 559 436
4 471 428
4 472 435
1 463 342
3 575 387
4 515 453
2 519 452
2 515 454
2 562 435
1 494 324
4 445 362
4 455 353
2 530 450
3 576 387
4 471 331
4 453 410
3 548 444
3 560 348
3 557 341
1 545 335
2 458 416
3 574 388
4 440 370
1 540 328
4 474 433
2 578 361
3 573 416
4 451 361
3 535 449
1 548 332
2 496 443
3 565 371
1 535 328
4 441 364
3 557 340
3 574 416
2 513 449
1 486 324
1 470 332
3 566 371
2 577 407
3 570 352
2 485 435
2 575 411
1 564 350
1 521 332
4 448 385
2 574 417
2 566 432
1 479 340
4 469 418
2 532 449
1 449 359
1 451 357
4 470 430
1 453 359
1 524 334
1 477 338
3 564 425
1 580 358
2 493 442
3 522 452
4 479 395
1 444 364
3 554 343
2 477 438
3 535 450
3 551 379
2 447 380
4 468 418
3 565 369
3 561 436
3 571 415
4 471 392
1 565 351
1 530 331
1 563 350
1 570 351
3 575 388
3 576 382
1 495 326
4 479 391
2 465 409
1 546 335
4 470 392
2 525 452
1 555 333
4 481 330
1 504 336
3 555 343
3 570 398
4 457 413
2 484 431
4 474 434
1 512 328
1 532 333
2 457 415
3 563 435
2 470 431
1 549 331
1 555 332
2 452 410
2 512 451
1 509 343
4 455 354
3 572 421
3 561 347
3 569 389
4 454 399
3 577 387
3 570 353
3 571 424
4 469 332
2 453 411
4 514 454
3 572 355
4 469 430
4 460 400
2 551 448
1 447 361
3 553 344
4 453 390
4 452 377
1 546 334
1 553 335
3 549 441
3 495 325
4 439 369
1 557 339
2 576 407
2 444 380
2 497 439
1 553 334
1 447 360
4 442 366
4 450 358
1 486 323
1 480 333
2 473 436
4 485 325
4 514 453
3 566 366
3 553 338
4 451 377
3 540 330
2 580 360
2 494 442
3 487 323
4 447 359
1 543 336
3 549 439
4 467 418
4 458 405
2 568 421
1 472 330
4 468 430
1 538 330
1 463 341
1 491 324
4 456 415
1 563 349
3 573 412
2 441 371
1 529 334
1 522 340
3 555 335
4 454 351
3 581 359
3 552 331
4 486 326
1 455 349
2 580 361
4 484 325
1 460 344
3 570 414
4 467 423
3 562 436
4 458 346
4 459 400
1 540 327
4 471 419
4 495 439
4 450 377
1 444 363
2 455 409
3 552 377
2 450 389
2 502 444
1 473 330
4 457 405
4 494 439
3 565 428
1 501 336
2 455 410
2 542 439
2 504 444
1 471 330
3 527 451
3 557 342
3 562 347
1 440 368
2 523 448
1 484 324
3 567 366
1 503 336
2 476 438
3 572 394
2 502 445
3 519 454
1 539 328
2 577 408
1 500 335
4 495 443
1 443 364
1 506 337
1 512 327
4 470 428
2 460 416
4 451 378
1 519 334
2 518 455
2 470 432
2 495 444
4 457 342
1 480 332
4 450 408
3 498 326
1 546 333
2 521 454
2 567 421
3 550 440
2 496 444
3 571 381
3 578 407
4 457 412
2 523 449
1 516 328
1 495 324
4 440 365
2 542 440
3 567 432
3 565 370
1 563 348
3 552 447
1 490 324
1 517 332
3 519 455
2 456 416
2 483 430
3 556 333
2 574 418
4 457 344
2 568 422
2 488 432
1 498 325
4 475 438
1 568 354
4 453 407
4 460 403
3 554 338
2 510 449
2 475 439
3 576 410
3 579 407
1 452 357
1 480 331
4 453 399
3 580 407
2 496 445
2 504 445
1 449 358
1 519 333
3 578 406
4 451 376
4 452 399
4 495 445
2 447 381
3 576 402
1 559 345
2 573 421
4 446 361
3 577 382
4 448 384
4 452 411
3 558 341
1 507 340
4 478 391
1 569 350
1 481 329
2 470 433
1 472 329
3 565 425
3 578 382
1 541 339
3 558 340
2 559 437
3 553 331
2 542 441
4 469 424
2 483 431
3 574 409
2 555 435
2 444 381
1 558 339
4 494 444
4 469 426
3 582 359
3 573 355
3 565 395
3 558 374
3 576 384
1 556 332
3 566 369
1 472 328
2 562 437
2 464 414
1 567 355
1 542 343
3 528 451
1 498 324
2 509 440
2 519 456
2 439 370
1 536 328
1 540 326
2 562 438
3 577 403
3 576 385
2 478 437
1 515 328
1 541 338
4 456 342
4 469 336
3 571 392
4 475 437
4 494 443
4 454 350
1 572 354
3 575 409
4 466 418
4 446 359
1 465 334
2 472 436
1 567 354
2 514 455
1 500 334
1 560 345
3 576 383
2 552 448
4 484 327
3 571 414
3 499 325
3 563 373
1 492 324
4 445 359
1 523 339
2 472 437
2 477 439
4 482 393
3 576 357
1 582 358
2 564 433
2 548 449
4 470 427
2 463 414
3 570 389
1 485 324
2 524 446
1 454 349
1 494 323
2 470 434
4 474 438
2 547 447
1 524 333
1 440 364
4 469 434
1 465 333
3 574 420
3 553 448
2 514 456
4 453 350
1 448 358
3 564 373
3 529 451
4 439 365
2 490 430
2 570 425
4 469 432
4 465 418
3 556 343
1 523 338
1 460 343
4 449 377
1 495 323
2 542 442
2 537 445
4 471 420
1 534 327
3 568 366
1 519 332
3 569 397
3 520 455
2 579 408
2 474 439
4 449 389
4 447 385
4 468 432
1 446 358
4 449 382
4 468 336
2 532 450
4 481 393
2 559 438
4 448 377
3 583 358
2 482 433
2 577 409
1 444 362
4 455 415
1 574 357
2 574 421
3 568 432
2 496 446
1 578 359
4 470 331
3 565 373
4 458 343
3 556 335
2 583 359
2 583 360
1 477 337
3 566 428
4 452 375
3 565 433
3 541 330
2 563 436
2 560 437
1 564 349
3 575 386
4 471 437
4 473 438
3 559 374
2 443 380
3 554 344
4 464 335
2 473 439
3 563 434
3 549 444
3 563 347
2 477 440
2 496 447
4 471 436
4 471 328
2 576 411
3 562 367
3 576 388
4 467 337
3 541 328
1 530 330
1 517 331
4 451 375
1 466 334
4 460 402
3 577 411
2 522 454
2 498 440
3 571 389
4 477 391
4 470 437
4 456 344
2 577 412
2 486 432
4 446 360
4 448 382
1 541 327
1 563 346
2 463 415
2 487 427
4 472 425
2 468 433
1 513 331
2 471 438
1 565 350
1 472 327
3 563 367
2 538 448
1 554 333
4 446 385
4 465 340
1 580 357
3 575 400
2 479 433
2 550 448
2 579 409
2 560 438
1 484 323
4 468 434
2 539 448
4 451 410
1 439 364
3 563 437
2 576 412
2 499 441
2 458 417
4 448 388
3 564 437
1 579 358
1 469 331
1 569 349
4 456 406
4 485 326
3 581 361
3 553 447
4 456 414
4 470 419
1 556 331
1 499 324
1 516 327
3 567 369
3 559 341
4 513 456
1 569 348
1 554 332
2 576 413
1 567 353
1 583 357
1 540 325
1 543 335
3 577 388
1 539 327
1 476 337
3 566 395
2 500 441
2 481 436
2 571 425
4 445 360
4 442 380
1 493 324
1 492 323
3 577 384
4 470 330
4 468 424
1 501 335
3 572 389
2 540 444
4 450 357
3 568 365
3 553 377
4 458 400
1 564 348
1 443 363
4 466 423
1 583 356
4 449 357
3 564 436
3 542 330
4 453 351
2 564 438
1 555 331
4 470 328
1 535 327
3 565 437
2 484 432
4 448 383
1 470 327
4 511 451
2 492 421
4 454 352
1 547 335
4 463 335
1 503 335
4 509 449
3 559 340
3 557 335
3 582 361
1 543 334
1 524 332
2 571 426
2 443 381
3 566 373
4 456 405
1 446 357
3 559 339
4 439 368
1 460 342
1 488 323
1 449 356
3 574 390
4 495 446
2 470 438
4 455 344
1 546 332
4 458 373
2 565 438
3 576 400
4 467 396
4 438 368
4 476 391
3 568 369
3 567 373
2 482 434
2 547 448
2 509 450
3 578 388
2 561 437
4 467 336
4 495 447
1 542 329
4 438 365
3 536 450
2 553 449
2 490 431
3 575 416
2 471 439
2 557 438
1 505 334
2 537 446
4 465 423
4 508 449
1 536 327
3 526 452
4 454 415
4 455 406
4 468 331
3 571 351
4 447 383
1 465 332
1 452 356
4 459 404
3 561 345
4 507 449
3 570 350
3 550 439
3 572 392
3 551 440
4 464 332
2 459 416
3 580 409
2 508 450
3 577 413
3 560 339
2 482 435
2 508 451
2 545 443
3 564 347
2 511 452
1 514 327
1 506 336
4 441 380
2 441 381
3 569 369
1 524 331
3 571 398
4 452 372
4 448 389
2 567 433
2 507 450
4 447 388
3 578 413
1 532 332
4 471 425
3 557 333
1 534 326
2 536 451
4 457 346
1 500 333
4 510 452
3 558 335
2 517 453
4 456 412
4 452 407
4 464 418
2 578 414
3 584 356
2 478 438
1 477 336
3 566 430
4 457 343
4 441 366
3 572 415
1 565 349
1 579 357
2 517 454
3 584 359
3 573 419
3 574 399
4 458 341
2 561 438
2 545 444
2 563 438
1 503 334
3 554 448
4 464 340
2 526 453
2 450 409
4 453 415
2 478 439
2 501 441
1 559 338
1 584 355
2 483 432
4 452 390
3 552 440
3 551 439
2 571 427
2 472 438
2 522 455
2 551 449
3 558 333
4 445 358
3 559 333
4 466 337
3 571 422
3 569 365
1 472 326
4 483 324
3 574 419
3 564 346
4 449 409
4 457 417
2 500 442
3 557 332
4 457 373
3 555 448
4 444 360
4 454 354
3 554 447
3 549 443
4 478 395
1 491 323
3 552 378
1 536 326
3 580 408
2 484 433
1 453 349
4 455 342
2 560 439
4 469 327
3 575 417
2 558 436
3 555 336
2 482 436
3 570 365
2 538 449
1 544 333
3 523 455
1 539 326
3 550 446
4 465 338
2 454 416
1 543 333
4 470 439
2 568 433
1 457 341
3 577 410
2 441 382
1 443 362
3 571 353
1 442 363
1 512 326
2 552 449
2 513 457
4 464 334
3 567 431
3 583 361
2 464 419
4 492 441
3 575 420
2 446 386
4 437 365
3 554 337
3 571 350
4 447 377
3 572 422
3 568 396
3 566 370
3 569 396
2 551 450
1 565 348
4 450 376
1 461 343
4 456 413
2 478 440
2 529 452
2 459 417
2 465 424
2 508 452
2 506 441
2 451 411
1 525 333
3 572 426
1 491 322
4 441 363
2 569 421
2 498 441
3 571 352
4 440 366
4 451 372
3 558 342
1 555 330
3 514 457
2 557 439
1 533 328
3 585 355
1 580 356
2 486 433
3 572 352
2 448 390
2 471 440
3 577 383
1 497 325
4 494 445
2 523 456
3 550 441
3 567 428
3 584 361
3 572 427
2 473 440
1 561 344
1 486 322
3 578 410
1 521 331
1 530 329
3 586 355
3 577 400
4 469 438
1 459 340
2 581 362
1 470 326
1 456 341
2 536 452
1 541 326
3 569 432
2 453 416
2 530 451
1 461 342
2 564 439
3 542 327
3 579 388
4 450 372
4 444 358
2 484 434
1 447 358
1 560 338
3 576 393
1 522 339
1 468 330
2 454 417
4 470 425
3 543 329
4 450 411
3 572 424
4 464 423
3 581 409
4 482 324
4 479 394
2 549 448
4 469 431
3 578 403
2 491 426
3 578 400
3 496 323
2 523 457
3 541 325
4 467 430
1 528 331
4 468 327
2 521 455
4 467 422
2 523 458
4 468 431
4 463 397
4 470 440
3 582 362
2 438 369
1 575 356
1 506 335
1 519 331
2 560 440
3 560 333
1 520 335
3 573 427
4 466 430
2 510 453
2 536 453
4 445 361
3 579 410
3 556 334
1 523 337
2 548 450
2 437 366
2 439 371
4 445 386
1 484 322
2 494 446
3 523 454
1 581 358
2 515 455
1 476 336
4 509 453
2 535 451
4 469 425
1 497 324
1 492 322
3 575 390
2 518 456
3 573 354
3 570 396
2 468 435
3 581 408
4 494 447
3 569 363
2 571 428
1 455 341
4 456 347
4 438 364
4 512 457
3 562 345
2 530 452
4 456 346
1 569 347
3 570 347
1 570 346
3 524 456
2 480 434
4 467 327
2 581 410
2 457 418
3 579 400
1 564 345
3 557 343
1 504 335
4 475 391
4 455 413
2 450 412
2 530 453
2 454 418
4 469 428
4 509 448
4 493 447
4 446 383
3 557 334
2 491 427
4 436 366
4 469 439
1 542 326
4 452 415
4 450 410
2 577 414
4 448 409
1 439 363
3 579 414
4 440 380
2 467 431
4 467 331
2 441 383
1 452 355
1 457 340
2 561 439
3 524 454
1 481 328
2 579 415
2 521 456
4 455 346
2 481 437
2 451 412
3 582 408
4 466 431
2 443 382
4 437 369
2 484 435
3 553 378
3 579 403
2 569 433
1 504 334
4 449 408
2 440 381
4 438 370
1 480 330
2 440 382
4 443 360
3 577 393
4 483 323
1 549 330
4 457 345
3 577 402
4 446 377
4 448 356
3 580 403
1 476 335
3 573 422
2 475 440
3 558 334
2 507 451
4 466 327
2 586 356
4 465 337
2 569 434
1 524 330
1 573 353
2 530 454
2 526 454
3 558 332
4 456 340
1 535 326
3 578 387
4 506 449
3 580 414
4 465 430
4 437 368
1 565 347
3 552 379
3 583 362
4 513 455
4 459 402
4 512 456
4 464 424
2 508 453
4 463 424
4 454 374
2 506 450
3 556 330
4 493 445
3 581 407
1 449 355
4 507 453
3 537 451
1 562 344
3 500 324
1 546 331
3 578 412
4 453 374
2 575 421
2 559 439
1 580 355
3 575 380
4 467 432
2 549 449
3 573 352
3 554 449
2 571 429
3 564 435
2 516 454
2 459 418
2 473 441
4 481 324
4 464 333
2 578 415
1 574 356
3 501 324
4 512 455
3 559 332
1 498 323
4 474 391
1 485 323
3 556 336
3 576 390
4 454 341
2 535 452
3 550 442
2 506 451
2 481 438
1 583 355
1 474 331
3 524 457
1 476 334
3 565 345
4 451 399
3 567 430
4 453 341
2 453 417
2 469 440
1 526 330
1 559 331
4 452 374
3 551 441
1 546 330
2 453 418
4 468 440
3 573 424
1 534 325
3 571 347
4 463 423
3 544 329
4 461 401
2 443 383
2 489 429
1 460 341
2 456 417
2 571 430
2 480 435
3 565 436
1 535 325
1 546 329
3 575 419
4 468 428
4 447 389
2 496 448
2 542 443
4 463 333
2 449 410
3 572 347
1 494 322
3 552 450
3 565 364
4 463 334
1 518 330
2 489 430
4 436 369
3 572 429
1 515 327
1 460 340
2 496 449
1 460 339
1 579 356
2 478 441
3 553 379
3 499 323
3 561 333
1 451 356
1 509 342
3 572 430
1 476 333
2 489 431
1 516 326
3 572 351
2 497 440
2 584 362
1 443 359
1 459 339
4 462 333
2 517 455
2 529 453
1 510 337
1 481 323
2 486 434
2 493 448
2 572 431
3 542 328
3 573 391
4 452 350
1 437 364
2 471 441
2 581 411
3 566 436
2 493 449
1 584 354
3 580 415
3 578 402
2 561 440
1 571 346
3 570 348
4 455 347
2 477 441
1 443 358
2 583 363
1 471 327
2 472 439
1 478 336
2 441 384
2 532 451
3 567 436
3 578 384
2 545 445
2 515 456
2 489 432
1 548 331
4 450 375
2 449 411
2 575 422
1 452 349
3 579 406
4 452 351
2 473 442
3 570 397
1 554 331
1 463 332
4 452 418
2 539 449
2 471 442
3 576 421
4 442 360
3 568 436
4 435 366
4 465 431
3 585 354
1 485 322
1 462 332
1 507 339
4 469 427
4 454 353
4 467 434
3 573 389
2 565 439
2 507 454
4 492 449
2 556 432
4 439 381
1 460 338
3 576 417
1 480 329
4 446 388
3 581 403
1 513 330
4 492 447
1 472 325
4 473 391
2 534 451
2 475 441
1 515 326
4 449 412
4 442 379
3 550 444
3 573 426
2 528 452
2 562 439
3 567 395
2 451 413
2 485 436
2 567 437
1 563 345
4 483 322
3 583 408
4 440 384
1 485 321
4 493 444
2 498 442
1 518 329
2 556 433
1 446 356
1 528 330
1 504 333
1 510 336
1 522 338
1 568 353
1 513 329
4 448 408
2 517 456
1 517 330
2 565 440
4 450 378
4 451 351
1 554 330
4 463 419
3 555 449
1 492 321
4 458 404
4 453 353
3 576 386
4 450 399
2 552 451
2 470 441
1 451 350
3 572 350
3 574 389
3 573 392
3 551 444
4 444 386
2 500 443
4 456 345
3 566 364
4 470 436
2 518 457
1 472 324
1 475 332
3 524 455
4 438 371
4 459 403
1 491 321
2 468 441
3 502 324
4 462 334
2 473 443
1 452 348
3 560 332
2 468 442
4 442 358
1 528 329
3 574 392
3 579 382
3 561 339
4 445 357
3 493 321
3 580 400
2 442 381
3 567 371
3 568 371
4 467 428
2 554 450
3 559 334
1 449 354
1 532 331
4 447 390
1 447 357
3 564 367
4 454 346
2 535 453
4 436 365
3 525 457
1 553 330
2 446 389
3 569 371
1 583 354
4 458 339
1 499 322
1 542 325
1 533 327
2 580 416
1 444 357
3 571 348
2 510 454
1 538 329
4 445 388
2 479 434
4 466 422
3 552 444
3 576 420
2 537 452
3 550 443
3 584 360
4 462 423
4 455 345
2 449 413
1 499 321
1 552 330
1 550 332
4 442 362
1 512 325
2 466 432
4 454 342
2 584 363
4 441 367
3 573 431
3 569 436
3 577 386
2 511 453
3 503 324
3 500 322
3 559 335
1 449 353
2 534 452
4 452 416
1 505 333
4 462 424
1 521 330
2 491 428
2 509 454
1 578 358
4 437 371
3 573 347
3 574 347
1 522 337
3 579 384
3 574 391
2 525 458
2 535 454
2 549 450
2 454 419
2 575 423
4 449 387
3 573 350
1 573 346
2 527 452
1 527 331
4 439 380
2 446 390
2 551 451
3 553 451
2 460 417
3 556 449
2 444 387
2 483 433
4 448 411
3 575 418
1 439 362
3 579 402
2 579 416
1 576 356
3 567 370
2 518 458
2 521 457
3 581 414
4 448 412
4 436 364
2 580 417
4 466 331
3 576 422
2 576 423
3 574 426
2 527 453
3 526 457
1 438 363
4 467 442
1 454 340
2 497 441
4 456 343
2 472 440
2 506 452
1 520 334
1 475 331
1 556 329
1 445 356
1 565 344
1 475 330
1 447 356
4 469 392
1 457 339
3 581 416
3 570 433
2 567 438
1 457 338
4 511 455
3 551 443
4 453 340
1 478 335
2 484 436
1 491 320
3 559 376
4 465 331
1 550 331
1 437 363
4 505 451
1 490 323
4 469 437
1 519 330
3 500 323
1 502 323
2 545 446
3 580 384
1 486 321
4 457 400
2 569 437
1 482 323
2 508 454
4 458 403
2 552 452
3 562 333
3 504 324
1 534 324
1 472 323
4 467 433
1 454 339
3 560 341
1 454 338
1 504 323
4 437 370
2 456 418
2 500 444
1 577 358
1 457 337
1 476 332
1 482 322
3 584 408
1 573 345
4 445 385
2 544 443
3 585 363
3 577 404
2 494 448
2 542 444
2 551 452
2 476 439
3 582 409
2 532 452
4 472 391
4 438 380
3 566 440
2 483 434
1 524 329
1 543 328
1 486 320
2 506 453
2 581 417
2 527 454
1 498 322
1 569 346
4 442 359
