10000
512 384
513 384
512 385
513 385
1 513 383
2 512 386
1 513 382
1 512 383
2 512 387
1 512 382
4 511 386
4 511 387
1 513 381
3 514 383
2 514 384
2 513 386
2 513 387
1 513 380
1 511 385
3 515 384
1 512 381
2 511 388
1 515 383
2 515 385
3 516 383
3 517 383
3 516 385
3 514 381
4 510 387
1 516 382
3 517 385
3 515 381
2 512 388
2 515 386
4 511 382
3 518 385
2 516 386
4 510 385
3 513 388
1 513 379
2 514 385
1 514 380
3 514 388
4 512 379
1 516 381
1 513 378
4 511 379
3 517 382
3 517 386
3 516 384
3 518 383
1 515 380
4 511 381
1 510 384
3 517 381
4 511 383
2 513 389
3 516 380
4 510 386
1 516 379
4 510 388
4 510 381
3 514 389
2 512 389
3 517 380
1 516 378
3 519 385
4 509 388
4 511 389
3 518 380
3 518 381
1 516 377
4 509 384
1 516 376
1 519 384
4 515 377
4 509 385
4 515 376
4 508 385
4 510 382
3 519 383
2 510 389
3 519 380
4 512 378
2 508 386
4 510 379
4 508 384
2 513 390
3 517 377
3 518 386
2 513 391
3 518 377
1 515 375
3 514 391
4 509 381
1 517 376
2 510 390
3 518 376
4 510 383
2 512 390
1 509 380
2 517 387
1 514 379
2 509 389
1 517 375
2 513 392
1 513 377
4 508 380
4 508 381
3 517 378
3 519 376
1 515 374
4 507 381
1 511 378
1 513 376
4 507 385
2 508 387
3 520 380
3 520 385
4 514 374
2 514 392
4 512 392
3 516 374
2 516 387
1 520 379
2 511 390
4 509 390
4 507 384
3 514 390
2 512 393
3 521 385
3 518 382
1 518 375
2 515 387
1 517 374
2 517 388
3 515 392
3 519 382
3 518 374
1 514 373
3 516 392
3 515 391
4 509 382
3 518 378
1 516 373
3 520 382
2 513 393
3 519 381
1 507 380
2 520 386
1 514 372
3 521 380
4 513 373
1 517 373
3 521 379
4 508 382
3 519 374
2 512 394
2 507 386
4 507 382
2 514 393
1 520 378
1 508 379
1 513 372
2 517 389
1 509 379
3 518 388
3 518 373
4 512 377
4 506 386
3 522 380
1 519 373
4 507 379
2 514 394
3 519 375
4 506 381
3 520 375
3 522 385
1 522 379
3 515 372
1 509 378
2 511 391
1 514 371
2 521 386
4 507 387
3 520 383
4 509 383
3 515 371
3 516 391
1 509 377
2 506 387
4 511 394
3 516 371
4 508 378
1 517 372
3 522 386
2 522 387
1 522 378
4 511 393
4 512 372
3 520 384
1 508 377
2 519 386
2 520 387
3 515 393
2 519 387
4 507 377
2 518 389
3 523 378
2 513 394
2 521 387
3 523 379
4 506 385
2 521 388
2 514 395
1 510 378
2 519 388
4 506 379
4 511 372
3 522 388
1 506 378
1 509 376
4 512 373
4 511 373
3 516 393
4 506 384
3 523 385
1 511 371
4 508 390
1 514 370
3 517 392
1 514 369
4 507 390
3 520 373
2 508 391
4 513 370
1 514 368
3 524 378
4 508 388
1 513 369
2 521 389
2 514 396
1 509 375
4 506 380
1 517 371
2 506 388
3 518 392
4 512 369
2 521 390
2 521 391
2 517 393
2 510 391
2 516 394
2 509 391
1 521 378
1 508 376
1 522 377
4 508 389
4 508 375
3 520 374
4 513 395
2 508 392
4 508 383
3 521 375
4 510 394
1 513 368
1 506 377
1 507 376
1 524 377
3 524 385
1 513 367
3 517 394
3 518 372
2 519 389
3 522 375
4 512 368
1 513 366
3 523 387
1 513 365
4 505 386
1 520 372
4 505 380
2 506 389
2 509 392
1 506 376
2 515 394
4 505 387
1 507 375
1 523 377
4 505 389
3 524 379
2 505 390
3 515 368
2 509 393
4 509 394
4 507 383
2 517 395
3 518 393
3 521 374
3 514 367
3 524 387
4 512 365
1 513 364
2 515 395
3 525 379
2 520 388
3 523 388
1 505 379
2 523 389
4 510 371
2 525 380
4 504 390
2 518 394
2 525 381
4 503 390
2 525 382
2 503 391
3 516 368
1 524 376
2 510 395
4 502 391
4 509 371
4 512 370
1 506 375
3 526 379
3 525 385
2 514 397
2 508 393
2 517 396
1 507 374
2 510 396
1 507 373
3 524 388
1 522 374
4 507 392
1 510 370
4 512 364
2 515 396
1 520 371
2 515 397
2 525 386
1 525 378
1 520 370
4 507 393
1 525 377
1 503 389
1 509 370
2 512 395
2 525 387
4 505 378
1 512 363
3 513 363
1 505 377
1 518 371
3 525 388
4 508 371
2 504 391
4 504 386
2 508 394
1 506 374
4 502 389
4 509 396
4 504 387
3 516 397
2 514 398
2 508 395
4 511 364
1 520 369
4 506 392
3 519 394
1 509 369
4 501 391
4 504 378
2 516 398
2 510 397
4 508 370
2 517 397
3 522 390
4 506 373
2 501 392
3 526 388
1 521 373
3 519 393
1 525 376
4 504 377
2 503 392
4 507 371
4 503 377
4 503 378
2 503 393
4 505 375
3 518 396
1 519 372
3 517 398
4 504 379
2 510 398
3 526 377
3 527 388
3 522 373
4 505 374
2 521 392
4 500 392
4 503 386
1 524 375
1 511 363
3 518 397
1 520 368
1 502 388
2 512 396
2 507 394
1 516 367
3 528 388
3 527 377
3 514 363
3 523 374
2 508 396
1 506 372
3 526 382
4 511 368
4 506 383
3 526 376
3 522 392
1 523 373
2 518 398
3 521 370
2 520 389
2 523 390
1 502 387
2 504 392
1 515 367
4 510 363
4 510 364
3 527 379
1 511 362
1 501 390
3 526 385
3 514 365
1 525 375
3 522 370
2 520 390
4 509 364
2 513 396
4 505 384
4 503 379
1 516 366
1 528 387
1 520 367
4 502 386
4 507 370
4 509 397
2 516 399
4 502 377
1 500 391
1 523 372
3 527 376
1 515 366
4 505 383
1 524 374
3 527 385
4 505 385
3 518 395
3 529 388
4 509 363
4 505 381
1 515 365
3 528 385
4 515 399
1 512 362
4 504 380
3 513 362
3 519 397
3 519 398
4 504 374
1 505 373
2 504 393
1 529 387
2 508 397
3 528 376
1 523 371
3 530 388
2 505 391
2 523 391
2 517 399
4 504 375
1 528 375
3 528 379
4 506 382
4 507 395
4 508 364
1 516 365
2 506 393
3 529 385
2 526 389
1 527 375
1 507 369
4 506 369
2 526 390
1 523 370
1 520 366
4 504 384
3 529 376
1 524 373
1 527 374
4 505 369
3 525 373
1 509 362
2 511 395
2 516 400
1 520 365
1 521 369
4 514 399
1 522 369
2 527 389
3 518 399
1 528 374
4 501 388
3 520 394
2 518 400
4 504 383
4 512 366
1 528 373
1 526 375
3 524 391
3 521 384
4 503 375
3 526 378
1 508 363
1 512 361
1 512 360
2 525 389
1 526 374
2 530 389
1 530 387
4 501 389
1 500 390
2 516 401
3 521 368
1 508 362
4 511 366
4 506 371
2 524 392
4 506 394
1 523 369
4 515 401
4 503 383
2 504 394
2 511 396
1 500 389
4 503 384
4 505 376
1 506 368
3 526 381
1 512 359
1 528 372
2 518 401
2 514 400
4 513 399
2 518 402
3 527 378
2 501 393
3 515 363
1 502 376
3 513 359
1 507 368
4 505 368
3 513 360
4 502 379
4 507 397
2 525 390
1 505 367
1 520 364
2 519 399
1 521 367
3 520 397
4 510 366
3 529 374
1 520 363
4 501 376
1 527 373
2 523 392
3 525 392
3 529 373
1 521 366
3 520 393
3 519 400
2 518 403
4 499 392
2 505 392
3 519 401
1 508 361
4 505 382
3 522 368
2 505 393
3 531 388
3 524 370
4 502 375
2 521 393
2 516 402
1 508 360
2 525 393
3 520 400
2 529 389
3 519 402
4 509 398
2 523 393
2 528 389
2 509 399
2 519 403
3 531 389
2 519 404
2 527 390
3 520 398
4 518 404
2 507 398
3 521 365
4 504 373
3 520 402
2 523 394
4 501 379
3 528 377
3 530 374
4 500 388
2 519 405
4 504 381
4 501 377
2 500 393
1 519 371
3 524 394
2 524 395
1 516 364
4 499 393
4 507 364
3 526 392
3 525 370
4 499 391
2 523 395
2 522 393
1 506 367
1 514 362
1 508 359
4 502 378
1 531 387
1 521 364
1 508 358
3 514 360
1 520 362
3 522 365
4 507 360
2 522 394
3 523 365
2 508 398
3 514 359
2 513 400
4 509 366
3 521 397
2 520 403
4 512 400
1 502 374
2 515 402
3 527 381
1 509 361
4 506 397
1 531 386
3 521 402
4 507 359
4 504 382
4 501 386
1 507 358
4 506 370
4 500 386
3 522 366
1 530 373
4 503 373
4 507 396
3 523 366
2 517 400
4 517 404
1 519 370
2 503 394
1 504 372
3 521 363
4 506 358
2 509 400
4 514 402
3 525 391
3 522 384
2 531 390
3 515 360
3 525 394
4 503 372
1 515 359
3 532 386
1 532 385
4 500 379
1 528 371
2 519 406
4 499 389
1 514 358
1 502 373
4 506 364
4 504 369
4 499 379
3 527 392
1 499 378
1 518 370
4 508 366
3 527 382
4 505 364
4 504 364
1 525 369
3 522 397
2 523 396
2 522 398
2 520 404
1 510 362
1 527 372
3 523 368
3 529 379
3 532 389
2 522 399
3 531 373
3 523 384
2 530 390
3 520 406
4 502 384
4 502 394
3 516 359
1 519 369
3 526 370
2 510 399
1 522 364
3 532 387
3 532 373
4 503 369
2 525 395
1 507 357
1 500 378
3 533 389
1 517 370
3 523 398
2 529 390
1 521 362
2 503 395
3 530 379
3 522 367
3 533 386
1 499 377
2 501 394
4 505 371
3 521 404
3 523 399
4 516 404
2 506 398
3 522 362
1 526 369
3 516 360
1 501 375
4 502 369
3 528 392
4 500 376
3 524 399
4 515 404
3 533 373
3 528 378
3 517 360
1 510 361
3 518 360
2 501 395
3 523 367
3 521 400
2 528 393
1 511 361
2 500 394
1 533 372
3 508 357
1 532 372
3 521 383
1 531 372
4 504 368
4 505 370
4 501 373
4 514 404
1 533 371
2 531 391
3 531 379
3 534 389
3 524 365
4 505 397
1 509 360
1 529 372
1 526 368
4 505 398
2 524 400
2 511 397
3 533 385
2 514 405
2 516 405
1 509 359
2 532 390
2 506 399
3 527 369
3 524 367
1 503 368
4 507 366
1 516 358
2 523 400
2 517 405
2 515 405
4 506 357
3 530 376
2 523 401
2 514 406
2 511 398
1 533 370
1 513 358
1 508 356
3 517 358
3 522 383
3 528 381
1 514 357
2 513 401
1 499 376
2 521 405
4 511 365
3 523 364
4 504 370
1 507 356
2 499 394
3 524 396
2 531 392
3 521 406
3 522 406
2 533 390
4 504 371
2 521 407
3 526 395
2 526 396
3 529 378
4 498 394
4 504 367
4 498 393
2 531 393
1 518 359
4 506 366
2 508 399
1 514 356
3 534 372
4 501 384
4 503 381
4 503 380
1 518 358
2 517 406
2 500 395
2 502 395
1 517 357
4 503 367
2 502 396
3 525 399
2 498 395
2 522 407
3 529 381
3 534 370
2 501 396
4 505 399
2 521 408
4 502 368
1 524 364
2 526 397
1 498 392
4 503 371
4 512 401
3 519 359
3 527 396
4 498 389
3 530 378
2 500 396
1 531 371
3 535 370
4 500 375
4 504 385
4 506 359
1 505 363
1 498 388
3 524 384
1 516 357
4 499 386
2 514 407
4 507 361
3 525 364
2 522 408
1 531 370
3 528 369
1 505 362
4 497 395
4 501 368
2 512 402
1 506 356
1 526 367
2 507 399
1 521 361
2 510 400
1 531 369
3 526 380
1 522 361
3 523 406
3 536 370
3 525 384
4 513 406
2 505 400
4 505 359
3 530 381
3 527 380
2 518 405
1 498 387
4 497 388
1 527 368
1 535 369
1 513 357
2 531 394
1 507 355
3 508 355
1 533 369
2 534 390
3 532 388
4 506 360
2 508 400
4 502 367
4 498 378
2 503 396
2 514 408
2 532 391
1 528 368
1 520 361
3 523 408
3 532 393
4 497 392
2 528 394
2 499 395
1 502 366
3 534 385
1 525 363
2 519 407
4 500 384
3 524 366
2 506 400
3 527 395
1 515 358
3 531 374
4 513 404
3 524 401
3 522 405
2 517 407
1 502 365
4 499 384
1 516 356
4 505 356
3 532 394
4 496 392
2 512 403
1 502 364
2 507 400
3 509 355
4 502 383
1 519 358
3 528 396
1 522 360
2 513 407
3 525 400
3 524 406
2 520 407
2 520 408
2 530 391
2 527 397
4 498 379
3 510 355
3 535 389
1 528 367
4 497 378
4 495 392
1 499 375
4 500 368
1 498 377
3 511 355
3 523 407
1 501 367
4 512 407
3 524 398
1 500 367
3 523 362
2 527 398
3 523 383
4 501 366
4 512 406
1 496 391
4 496 388
1 527 367
3 523 361
3 531 378
3 533 394
2 498 396
2 503 397
1 516 355
1 510 354
2 526 398
2 500 397
2 521 409
1 516 354
3 517 354
2 511 399
2 508 401
1 521 360
3 526 400
4 498 375
3 529 375
1 517 353
4 504 356
3 535 372
3 523 405
3 530 375
3 517 355
2 510 401
4 499 367
1 536 369
2 519 408
4 497 375
3 531 381
3 518 355
2 529 391
1 505 355
1 536 368
2 509 401
2 508 402
4 501 369
1 513 356
2 502 397
1 498 374
4 511 407
4 507 401
1 533 368
4 520 409
1 509 354
4 496 375
1 519 357
2 516 406
1 535 368
2 524 407
2 515 406
2 508 403
4 501 365
3 524 405
1 522 359
4 500 373
3 534 373
3 536 372
2 506 401
1 514 355
2 525 401
1 534 369
4 505 358
3 535 385
2 536 373
4 504 362
4 502 372
1 520 360
4 499 373
1 520 359
1 503 366
1 504 355
4 503 362
3 524 408
3 535 390
1 525 362
2 536 374
2 495 393
3 532 379
1 524 363
1 523 360
4 498 386
4 498 367
4 497 379
3 532 381
4 497 396
2 514 409
2 508 404
2 520 410
1 509 353
2 518 406
4 505 401
2 498 397
3 537 368
3 529 396
4 513 408
1 532 371
3 533 388
3 523 359
1 524 362
2 527 399
2 513 409
3 525 365
1 509 352
2 507 402
2 498 398
3 528 395
2 512 408
2 535 391
4 507 404
3 537 374
4 499 368
2 503 398
3 522 409
1 506 355
2 495 394
4 505 360
4 504 400
4 503 356
1 518 354
3 524 361
4 508 352
3 534 388
3 537 372
1 534 368
2 534 391
4 498 368
1 495 391
2 519 409
2 517 408
1 535 367
2 499 396
2 531 395
2 536 375
3 533 381
1 514 354
2 496 393
1 505 354
2 531 396
3 520 357
4 497 374
3 536 385
1 536 367
3 525 407
3 522 404
3 521 410
4 506 404
4 497 398
4 503 370
1 514 353
1 532 370
3 524 383
3 526 384
4 496 378
3 534 381
2 497 399
2 513 410
1 507 354
3 537 385
2 497 400
1 536 366
1 495 390
2 502 398
2 502 399
1 511 354
3 535 381
1 515 357
2 529 397
1 536 365
4 512 409
2 534 392
1 511 353
4 496 395
2 496 396
2 527 400
3 519 355
1 508 351
2 531 397
2 507 405
3 526 362
1 517 352
2 495 395
4 498 376
2 524 409
1 509 351
3 525 406
1 537 367
2 508 405
1 522 358
4 503 355
1 523 358
4 508 353
3 533 387
1 518 353
4 507 352
3 532 397
1 517 351
1 527 366
1 521 359
3 526 407
2 512 410
4 495 378
2 526 408
3 527 384
2 520 411
1 528 366
1 496 374
2 529 398
2 526 409
2 515 407
1 495 377
2 513 411
1 510 353
3 536 381
2 505 402
1 513 355
1 521 358
3 534 386
1 520 356
2 499 397
3 528 380
3 525 361
1 519 354
2 532 398
2 514 410
1 502 363
1 518 352
4 494 394
4 502 371
2 506 405
3 533 398
4 504 354
2 520 412
4 502 381
3 526 364
1 510 352
3 528 399
1 511 352
2 522 410
3 524 359
1 507 351
2 518 407
3 522 402
1 533 367
3 528 400
1 532 369
2 522 411
4 496 379
4 494 390
3 525 359
3 518 351
2 503 399
3 526 359
3 538 385
3 523 411
4 510 407
4 505 357
1 533 366
4 519 412
1 522 357
2 499 398
4 501 371
4 507 403
1 512 358
3 526 406
4 503 382
2 524 410
3 526 363
2 505 403
1 522 356
1 496 373
3 537 373
2 535 392
2 495 396
3 538 373
4 500 371
4 497 387
2 495 397
4 494 392
3 523 402
4 500 365
3 536 389
4 502 380
3 534 394
1 501 364
2 527 401
4 503 354
3 529 380
1 500 364
1 528 365
1 497 373
3 527 407
1 533 365
1 537 366
3 536 391
2 511 408
3 527 409
1 504 353
4 494 396
1 529 371
3 535 394
4 496 399
3 523 404
3 535 386
1 526 358
3 539 385
2 511 409
4 497 367
2 503 400
1 503 353
4 495 375
3 536 390
3 532 395
4 505 404
3 520 354
3 533 395
1 527 365
3 528 401
3 521 403
1 500 363
3 526 361
2 513 412
1 515 356
4 494 395
3 529 401
4 510 409
1 529 370
4 504 402
1 525 358
1 523 357
4 494 397
4 497 368
2 523 412
1 496 372
3 533 379
4 506 351
3 537 375
3 534 398
3 534 371
4 499 371
3 522 403
3 532 378
2 537 386
3 529 377
1 525 357
1 498 366
4 500 369
4 494 391
3 532 396
3 535 371
4 495 399
4 504 357
4 498 384
3 536 392
3 528 409
2 517 409
3 533 378
2 538 386
4 504 401
2 510 410
2 539 386
2 528 410
3 534 379
3 527 406
4 503 401
1 494 389
1 515 355
1 520 353
3 538 372
4 509 410
1 517 350
4 495 372
2 519 413
1 498 365
3 534 378
3 537 365
4 510 408
2 506 406
4 504 359
1 525 356
4 502 382
3 530 377
3 520 413
4 504 404
3 538 375
4 494 375
3 538 365
1 499 366
1 517 349
1 499 365
2 539 387
1 538 364
4 501 383
3 537 370
3 527 359
3 537 392
4 504 360
2 537 393
1 528 364
3 529 410
1 526 357
2 532 399
3 535 379
4 506 361
4 506 352
4 502 355
2 520 414
3 521 413
2 526 410
3 538 368
1 531 368
3 537 381
3 539 373
4 501 355
4 493 391
3 538 367
4 494 377
1 514 352
1 522 355
3 540 373
2 495 400
4 494 400
2 495 401
3 528 382
1 504 352
1 501 354
2 518 408
2 498 399
2 527 410
3 530 380
4 497 365
4 502 356
1 538 363
3 539 372
2 510 411
1 530 372
4 518 413
3 540 386
3 522 413
4 494 372
2 524 411
1 528 363
1 503 352
1 493 390
4 500 354
1 540 372
4 493 397
3 525 411
4 501 381
3 531 377
2 514 411
2 506 407
1 504 351
3 533 396
4 500 381
2 519 414
4 494 401
3 523 355
3 524 360
2 499 399
2 535 395
4 495 373
1 519 353
2 507 406
4 494 373
1 507 350
4 503 404
2 513 413
1 496 371
2 497 401
2 534 399
1 505 353
4 502 352
2 540 387
4 494 393
3 541 386
4 503 359
3 532 377
2 538 387
3 518 350
1 537 364
1 530 371
4 493 389
1 523 354
2 501 397
2 533 399
1 504 350
1 526 356
1 534 367
4 499 364
3 539 365
2 516 407
1 538 362
1 525 355
4 499 381
4 497 384
1 495 371
3 536 371
4 493 373
3 542 386
2 510 412
2 500 398
4 493 401
2 518 414
4 502 370
1 532 368
4 503 351
1 505 352
1 508 350
4 493 400
2 538 388
3 526 355
1 522 354
3 537 369
1 517 348
4 505 407
1 529 369
2 503 405
4 496 367
4 500 355
1 503 350
3 525 383
4 512 413
2 530 392
2 530 393
3 540 365
1 503 349
3 541 372
4 501 356
1 535 366
2 528 411
4 497 376
4 495 388
2 493 402
4 493 377
3 536 394
3 533 397
3 527 361
3 539 364
3 531 380
1 521 357
2 503 406
1 497 364
3 542 372
4 492 390
1 515 354
1 520 352
4 493 375
3 523 413
2 499 400
1 525 354
4 492 402
3 543 386
1 543 385
4 498 381
3 539 367
1 521 356
1 506 350
1 513 354
1 492 389
1 505 351
3 543 372
2 501 398
2 526 411
1 492 388
2 529 411
2 528 412
1 502 351
4 502 349
1 517 347
4 493 394
2 536 395
4 501 370
4 491 402
2 514 412
4 492 377
4 495 374
4 517 414
2 507 407
3 538 392
2 520 415
2 500 399
4 509 411
4 504 407
3 526 383
4 495 367
2 543 387
4 497 386
2 505 408
3 538 374
3 538 381
4 500 383
1 508 349
2 532 400
1 495 366
4 496 368
4 502 350
2 507 408
3 518 349
3 537 371
3 519 349
4 496 398
3 520 349
1 513 353
4 491 377
3 544 372
1 506 349
1 491 376
3 526 354
3 518 347
2 530 394
3 535 399
4 516 414
2 514 413
2 506 408
4 503 360
1 501 353
3 530 401
2 531 398
1 530 370
2 507 409
2 497 402
3 527 354
3 521 349
3 538 366
1 507 349
2 527 411
2 513 414
1 497 363
2 494 402
1 494 371
1 507 348
1 509 350
3 521 352
4 499 369
4 509 412
3 539 363
1 521 348
2 527 412
2 512 414
4 504 408
2 502 400
4 508 410
4 501 350
1 522 353
3 524 404
1 500 353
4 494 399
2 496 400
2 539 388
1 527 353
2 491 403
4 494 367
1 520 348
1 544 371
3 537 389
3 535 398
4 494 374
1 505 350
4 501 352
4 493 396
3 537 390
2 508 411
4 490 376
4 505 361
3 539 374
4 496 386
3 537 391
4 492 396
4 495 368
1 519 348
4 491 396
3 528 354
1 527 352
4 493 393
4 492 373
3 527 383
4 501 349
4 492 394
4 503 357
1 533 364
1 509 349
2 515 408
4 495 386
4 500 356
3 527 357
2 502 401
2 493 403
1 514 351
4 492 401
2 492 403
3 527 408
2 522 414
4 491 394
1 512 357
2 534 400
2 518 415
2 540 388
2 523 414
3 527 355
3 528 384
3 537 395
3 519 350
2 491 404
1 500 352
1 538 361
3 529 409
1 534 366
4 496 387
1 534 365
4 492 400
1 492 372
2 535 400
1 526 353
1 509 348
2 533 400
2 491 405
3 530 410
1 542 371
2 538 393
2 501 399
4 491 389
2 524 412
2 497 403
2 493 404
2 538 394
3 540 367
1 522 352
2 501 400
2 525 412
2 538 395
3 529 382
1 500 351
2 498 400
3 531 401
4 493 374
1 538 360
1 516 353
4 503 408
2 533 401
3 538 369
2 498 401
2 537 396
2 537 397
1 495 365
1 500 350
2 513 415
4 491 390
3 539 361
2 508 412
2 538 396
2 511 410
1 516 352
4 492 397
4 492 393
1 525 353
4 490 402
3 525 404
3 519 347
4 491 393
1 513 352
2 506 409
1 495 364
3 538 390
4 490 377
2 500 400
1 521 347
2 518 416
3 528 353
1 507 347
3 522 349
3 529 384
4 495 379
4 491 400
3 527 356
3 536 400
2 498 402
1 496 366
2 543 388
2 512 415
1 523 353
2 541 387
1 540 364
2 544 373
2 533 402
4 495 398
4 504 361
4 494 379
4 493 399
1 511 351
4 496 363
4 511 414
2 540 389
2 513 416
2 504 409
4 495 387
2 512 416
2 500 401
2 515 409
4 491 388
3 533 377
1 494 366
4 499 356
1 541 371
4 492 375
2 542 387
2 518 417
1 505 349
2 506 410
1 519 346
4 489 402
1 527 351
3 525 405
2 541 388
3 528 357
3 538 397
1 526 352
4 491 401
2 501 401
4 518 346
3 522 347
3 545 372
1 516 351
3 539 397
1 521 346
3 528 407
1 512 356
4 499 350
2 512 417
2 539 398
1 531 367
3 544 388
1 513 351
2 529 412
3 530 409
3 529 357
2 511 415
4 503 407
4 490 404
3 519 417
4 493 379
2 539 399
4 492 379
3 539 392
2 544 389
2 531 402
3 529 354
4 510 415
3 529 407
1 528 352
3 529 353
4 511 416
4 491 397
1 515 353
3 522 348
3 540 398
2 506 411
4 498 369
2 504 410
1 543 371
1 511 350
2 526 412
2 529 413
2 507 410
2 489 403
3 531 409
1 543 370
1 540 363
2 491 406
2 527 413
3 545 371
1 545 370
1 525 352
3 539 381
2 496 401
2 508 413
4 503 361
2 505 409
1 531 366
1 536 364
3 523 348
2 518 418
2 489 404
4 509 415
3 524 348
4 488 403
4 499 354
3 539 393
1 514 350
1 545 369
1 511 349
3 534 402
2 509 416
3 532 380
1 517 346
1 515 352
1 544 370
4 493 367
1 538 359
3 535 402
4 503 409
1 504 349
1 488 402
3 530 353
3 539 359
4 494 368
3 528 356
2 523 415
3 540 399
3 530 413
1 501 348
2 488 404
1 539 358
3 524 415
3 530 412
1 498 364
1 506 348
2 532 401
3 546 371
4 499 351
3 523 403
2 522 415
3 519 416
4 499 352
1 510 351
4 498 350
2 523 416
1 543 369
2 528 413
1 512 355
3 541 398
1 518 345
1 528 351
4 489 377
1 499 349
2 544 390
4 517 418
2 538 398
2 537 398
1 502 348
1 499 348
4 490 394
4 490 393
4 502 407
1 506 347
1 518 344
2 525 413
1 544 369
4 497 369
1 504 348
4 500 370
1 507 346
3 531 376
3 530 407
3 542 398
2 526 413
2 488 405
1 510 350
2 500 402
4 493 371
2 523 417
3 544 385
4 505 347
4 493 368
3 535 378
3 519 418
3 539 394
4 489 376
3 543 398
3 544 387
3 526 404
1 492 371
2 509 417
1 511 348
1 492 370
2 512 418
4 510 414
3 539 360
4 493 392
2 519 419
2 508 414
1 524 347
3 536 402
1 525 351
1 489 375
1 542 370
1 514 349
4 502 408
1 542 369
2 500 403
4 487 403
4 489 394
4 498 349
1 537 363
3 537 402
3 541 399
4 492 368
2 498 403
4 494 378
3 540 394
1 537 362
1 516 350
2 523 418
1 509 347
4 502 360
3 539 375
4 494 398
4 487 402
1 527 350
1 495 363
4 497 381
3 534 401
2 536 403
4 507 412
1 529 352
3 541 363
2 508 415
3 524 417
2 507 413
2 489 405
3 530 354
4 505 411
4 488 375
1 522 346
4 507 414
3 532 376
4 517 344
2 517 419
4 488 376
2 536 404
3 525 347
3 534 377
4 498 352
3 528 355
4 501 408
2 537 403
1 537 361
1 498 348
1 510 349
2 527 414
4 490 388
3 544 386
2 495 402
1 501 347
1 546 370
4 490 389
1 506 346
4 496 384
4 505 346
2 498 404
4 516 344
4 497 348
3 529 351
1 489 374
3 523 349
1 493 366
2 500 404
1 505 345
3 542 363
2 536 405
1 515 351
2 541 400
4 499 353
2 535 403
2 523 419
2 508 416
3 541 365
2 488 406
4 488 394
2 489 406
1 500 349
1 524 346
1 528 350
1 491 375
3 545 387
2 489 407
1 497 347
4 487 406
3 531 353
2 503 410
1 531 352
4 490 400
1 538 358
3 540 381
1 521 345
4 497 349
4 487 375
2 492 404
2 491 407
4 494 363
1 539 357
2 501 409
1 525 346
2 490 405
3 519 344
2 508 417
2 511 417
1 497 346
2 535 404
3 531 412
2 530 414
1 507 345
3 537 404
4 504 358
1 522 345
4 491 373
1 499 347
4 490 397
4 501 382
4 502 359
4 488 377
4 493 363
4 497 352
3 542 365
4 497 350
2 524 418
2 492 405
2 522 416
3 526 347
3 528 383
1 532 367
2 543 399
4 496 381
2 494 403
3 530 384
2 501 410
1 531 351
2 493 405
4 494 386
4 490 390
2 487 407
4 500 409
1 512 354
3 530 382
3 546 369
3 531 414
3 540 358
3 531 413
2 534 403
2 491 408
1 515 350
1 493 362
2 537 405
2 533 403
2 511 418
2 496 402
2 505 412
1 515 349
1 537 360
4 501 380
4 487 405
4 496 349
2 514 414
2 526 414
2 519 420
2 495 403
3 532 412
3 539 366
4 487 377
2 517 420
1 517 343
3 529 356
1 532 366
1 505 344
3 524 349
2 534 404
1 526 346
2 544 391
3 525 418
2 531 415
1 505 343
1 509 346
1 506 345
2 488 407
3 535 377
4 507 415
2 521 414
1 503 348
2 531 416
1 494 362
1 507 344
3 545 386
3 545 390
1 540 357
1 513 350
1 529 350
3 540 393
2 538 399
2 521 415
4 490 401
2 488 408
3 540 375
4 499 355
2 511 419
1 531 350
3 520 420
3 532 350
1 498 347
2 525 419
2 514 415
1 491 372
2 505 413
3 533 376
3 527 346
3 531 354
3 540 360
2 531 417
3 531 410
3 545 391
1 493 361
4 493 398
4 496 352
1 498 346
2 535 405
1 518 343
3 533 412
3 529 383
1 523 347
1 529 349
3 532 415
3 534 376
1 540 356
3 536 378
4 486 403
1 496 348
2 500 410
4 495 348
1 519 343
2 504 411
4 494 387
1 505 342
2 499 401
2 498 405
1 541 362
2 511 420
2 495 404
3 545 385
4 491 379
4 500 380
2 508 418
4 487 408
1 509 345
4 503 358
4 503 411
2 489 408
2 509 418
1 488 374
1 500 348
3 544 398
4 499 380
2 492 406
4 492 399
2 491 409
3 539 396
1 513 349
1 538 357
4 489 393
2 504 412
2 496 403
3 532 409
2 525 420
3 530 411
2 530 415
2 539 400
1 513 348
1 525 345
4 486 407
1 526 345
1 530 352
1 545 368
3 506 342
1 540 355
2 508 419
1 510 348
2 491 410
4 486 405
2 543 400
1 500 347
3 540 374
3 532 416
1 506 341
1 536 363
1 525 344
1 518 342
3 541 355
4 485 407
2 512 419
2 537 406
2 490 406
2 493 406
1 506 340
1 488 373
1 486 402
3 538 404
1 516 343
2 488 409
2 494 404
2 527 415
4 502 411
1 503 347
1 531 349
3 545 388
1 516 342
4 485 405
3 532 413
1 530 351
3 542 362
1 533 363
4 493 387
1 544 368
4 487 394
2 523 420
1 518 341
1 505 341
2 523 421
3 543 362
3 537 378
2 532 417
1 491 371
4 492 398
2 520 421
2 529 414
3 507 340
4 504 344
2 527 416
3 540 366
3 541 393
3 532 410
1 525 343
2 500 411
3 544 399
4 503 412
4 501 359
1 520 347
2 507 416
4 506 415
2 490 407
2 527 417
2 513 417
2 538 405
4 499 383
1 499 346
3 546 372
1 492 367
3 532 353
2 491 411
2 535 406
1 492 366
4 493 386
4 491 370
3 547 370
1 496 347
4 498 354
3 542 355
3 543 363
2 498 406
2 498 407
3 528 408
3 544 400
3 541 394
3 532 352
3 526 418
3 535 376
4 505 415
1 539 356
3 524 421
4 489 400
4 500 359
3 541 366
2 501 411
3 548 370
2 500 412
3 530 383
2 529 415
4 494 348
3 540 359
4 498 351
2 485 408
4 488 400
3 533 380
4 495 352
3 540 392
2 485 409
3 525 348
4 491 366
4 487 373
2 498 408
2 486 408
3 540 361
4 490 366
1 496 346
1 525 342
3 531 384
4 486 406
2 543 401
4 491 368
4 497 351
2 491 412
1 499 345
4 492 387
2 520 422
3 534 412
3 532 354
4 503 385
3 533 410
2 540 400
3 546 391
3 525 421
3 546 390
4 495 347
4 496 350
1 519 342
3 541 374
1 496 345
4 494 352
2 522 417
3 526 348
1 503 346
2 545 392
1 505 340
3 541 364
1 528 349
1 508 348
2 546 392
1 541 354
1 544 367
3 539 405
1 487 372
1 531 348
1 548 369
4 506 416
4 490 411
4 495 345
1 491 365
4 494 345
1 491 364
2 547 371
3 532 348
4 496 351
2 528 414
1 534 364
1 544 366
2 512 420
3 547 390
3 547 391
4 489 411
4 486 372
4 506 414
3 527 418
3 546 385
1 530 350
4 504 340
1 497 345
1 506 339
4 491 387
4 492 392
2 513 418
3 545 367
3 536 377
1 498 345
1 497 344
4 495 346
1 509 344
1 547 369
4 504 415
2 535 407
4 495 384
3 541 356
4 489 366
4 500 382
4 495 381
2 538 406
4 492 386
3 521 422
2 523 422
2 494 405
2 519 421
3 549 370
2 486 409
3 545 398
2 506 417
4 499 382
2 487 409
4 495 351
2 532 418
3 540 405
1 513 347
1 547 368
4 484 408
4 492 391
1 528 348
2 529 416
3 548 390
3 544 401
4 487 374
2 520 423
2 520 424
4 493 345
3 542 393
1 513 346
3 535 412
1 546 368
2 545 399
2 522 418
2 493 407
4 489 401
1 505 339
1 507 339
3 533 353
3 548 371
3 543 393
2 539 406
4 492 363
2 536 406
2 497 404
4 504 339
4 490 410
4 494 346
4 488 401
3 536 412
1 538 356
2 497 405
4 503 415
3 508 340
3 542 354
3 546 388
2 509 419
3 546 387
3 544 363
2 532 419
3 533 416
3 521 424
1 527 345
3 546 386
2 517 421
2 546 393
2 516 415
2 513 419
2 485 410
4 487 401
2 547 392
2 498 409
2 536 413
1 522 344
3 529 408
4 490 412
3 533 350
1 540 354
1 495 344
2 549 371
1 527 344
2 503 416
4 501 360
1 533 349
3 531 411
1 536 362
1 535 365
2 520 425
2 534 413
1 512 353
1 523 346
4 484 409
2 510 416
1 505 338
1 534 363
1 546 367
1 487 371
3 533 352
4 485 372
1 489 365
2 534 414
4 483 408
4 491 398
2 501 412
3 538 402
1 515 348
1 513 345
3 532 384
3 540 397
1 542 353
4 504 413
4 502 416
1 499 344
4 505 417
2 526 419
3 537 412
3 545 400
2 483 409
2 490 413
2 525 422
4 493 348
2 493 408
2 538 407
3 534 350
3 540 396
4 492 348
3 521 423
3 541 357
1 525 341
3 545 366
1 512 352
3 540 406
3 538 378
4 486 374
4 491 363
2 530 416
2 534 415
1 487 370
1 528 347
1 498 344
1 511 347
2 535 413
1 496 344
2 542 399
3 550 370
3 545 401
1 545 365
2 498 410
2 502 417
4 504 343
1 543 361
3 542 374
1 529 348
4 490 396
2 535 414
2 491 413
2 520 426
3 545 363
3 546 401
1 548 368
4 502 358
4 494 347
3 546 366
2 487 410
3 542 394
4 492 361
2 547 393
3 539 395
4 519 423
1 506 338
4 486 370
4 491 386
1 545 362
3 530 408
1 513 344
4 492 345
3 541 396
2 530 417
3 546 399
1 522 343
3 541 397
2 535 415
2 497 406
3 531 408
3 534 416
2 547 394
3 526 342
1 487 369
3 531 383
2 484 410
2 536 414
4 504 338
2 486 410
2 523 423
4 488 393
1 543 360
1 524 345
4 487 404
2 503 417
3 537 377
3 534 352
1 542 352
4 503 339
4 489 412
4 519 425
4 498 383
3 528 346
3 547 401
1 518 340
2 525 423
3 521 425
4 502 357
2 548 391
1 517 342
2 539 407
4 484 372
4 495 349
1 501 346
3 548 401
4 498 356
3 535 416
2 535 417
3 536 416
3 547 385
1 508 339
3 509 339
4 519 422
1 526 341
1 492 344
4 497 354
1 513 343
4 491 344
1 491 343
2 537 413
3 541 358
3 549 401
1 504 337
2 520 427
3 537 416
2 518 419
2 513 420
1 487 368
2 507 417
4 482 408
3 545 389
3 536 415
3 547 387
1 549 369
3 543 352
3 521 426
1 540 353
4 518 425
1 522 342
1 546 365
2 495 405
2 539 408
3 546 389
1 529 347
1 485 371
4 503 338
4 494 349
1 486 369
1 533 348
2 500 413
2 539 409
2 519 426
4 494 351
3 534 348
4 481 408
4 510 420
1 521 344
1 497 343
1 527 343
1 490 365
2 484 411
3 540 409
3 541 381
2 492 407
3 538 413
2 492 408
1 508 338
2 494 406
1 481 407
4 498 355
1 528 345
1 540 352
4 501 416
1 538 355
3 529 345
3 509 338
1 540 351
4 503 340
4 486 375
2 521 427
1 505 337
3 548 393
4 489 388
3 533 384
3 541 351
3 531 382
1 523 345
2 527 419
2 510 421
1 518 339
2 533 417
1 505 336
1 506 337
3 538 412
1 532 347
1 544 362
1 489 364
4 503 337
4 485 403
1 508 337
3 549 368
4 486 404
4 485 369
1 508 336
4 486 401
1 527 342
1 527 341
1 549 367
3 535 348
4 497 383
3 544 361
3 537 415
2 496 404
1 540 350
1 491 342
1 527 340
1 517 341
3 547 365
1 515 347
4 490 386
1 489 363
1 544 360
1 538 354
2 507 418
2 528 415
4 480 408
1 483 407
1 485 368
2 524 422
1 535 347
2 540 410
1 522 341
4 507 419
4 491 392
4 504 336
2 503 418
2 526 420
4 517 425
2 513 421
3 548 387
3 545 373
1 511 346
1 523 344
1 485 367
1 523 343
2 547 402
4 493 352
2 527 420
1 492 343
3 550 401
3 522 424
3 536 347
2 494 407
4 502 340
3 538 403
2 512 421
2 506 418
4 487 376
3 543 353
4 498 380
4 502 337
3 509 336
3 550 367
1 547 364
3 528 343
4 488 412
3 528 340
3 528 342
2 550 402
1 499 343
4 484 369
2 517 426
2 480 409
1 492 342
4 501 417
3 538 415
3 537 347
1 537 346
1 514 348
4 479 408
3 532 382
4 492 352
3 528 420
2 491 414
1 539 355
1 531 347
3 542 396
3 548 392
3 550 368
1 501 345
4 519 424
4 485 401
1 542 351
2 529 417
1 484 368
4 494 381
4 489 396
1 501 344
1 480 407
4 494 384
4 490 342
1 525 340
1 526 340
1 507 338
2 544 402
2 488 413
2 547 403
1 497 342
3 510 336
3 548 365
1 494 344
2 506 419
3 546 398
1 517 340
1 501 343
1 542 350
3 549 392
1 523 342
1 494 343
4 483 369
3 549 365
2 511 421
3 546 373
4 493 378
1 494 342
4 491 352
2 543 402
1 532 346
4 493 395
2 543 403
4 490 392
1 549 364
1 491 341
1 524 344
1 481 406
4 483 372
1 548 364
3 543 354
2 496 405
3 536 376
1 489 362
2 541 401
3 519 339
4 479 409
2 514 416
2 491 415
2 481 409
4 484 371
3 547 366
2 482 409
1 518 338
2 501 418
1 507 337
3 543 374
4 516 426
1 537 345
2 498 411
3 511 336
1 547 363
1 524 343
1 494 341
4 500 417
2 495 406
2 521 428
4 492 378
2 491 416
2 533 418
4 491 391
3 519 338
1 490 341
4 489 341
1 537 344
2 489 413
1 489 340
3 550 365
3 522 425
3 540 407
3 534 349
1 533 347
3 549 391
1 495 343
3 540 395
4 491 361
3 550 392
2 515 410
4 498 353
3 529 340
1 488 372
2 548 402
2 519 427
2 520 428
2 503 419
1 531 346
1 529 339
2 484 412
4 498 382
1 489 339
3 549 390
2 523 424
3 534 384
2 547 404
2 494 408
1 534 347
4 491 345
1 493 344
4 490 379
1 504 335
2 534 417
2 509 420
1 539 354
2 515 411
3 541 395
1 499 342
4 499 417
1 521 343
1 481 405
4 490 352
2 505 418
1 516 341
2 490 414
4 490 416
1 530 349
1 527 339
3 548 385
3 550 369
3 538 416
4 493 346
2 516 427
1 527 338
1 486 368
4 485 402
3 542 358
4 493 351
4 500 360
4 496 383
3 526 423
2 535 418
3 544 374
2 548 403
1 510 335
3 545 374
3 550 371
1 514 347
3 542 356
4 488 341
1 490 340
4 502 385
3 539 412
1 498 343
4 515 426
1 549 363
3 547 386
4 485 404
1 525 339
3 538 377
4 497 353
4 509 421
1 487 367
4 489 414
4 496 353
2 499 418
2 522 426
4 478 408
4 492 346
4 485 374
2 526 424
1 521 342
2 545 402
1 550 364
3 548 386
1 528 339
4 479 407
3 543 350
1 537 343
3 536 418
4 499 360
1 520 346
3 548 366
1 523 341
1 548 363
4 484 374
2 510 422
3 546 400
1 536 346
2 480 410
1 490 339
3 540 408
1 513 342
3 526 422
3 542 357
3 549 387
2 516 428
2 536 419
4 515 427
3 551 364
4 509 422
2 535 419
1 541 350
4 495 350
2 528 421
3 545 361
3 541 359
2 537 417
3 551 365
4 484 403
4 490 415
2 509 423
4 515 428
4 486 377
1 532 345
1 509 335
4 485 377
2 533 419
1 507 336
3 551 402
2 484 413
3 541 375
1 510 334
1 498 342
3 542 397
4 492 351
2 501 419
4 482 369
1 492 341
1 539 353
2 531 418
3 552 364
1 533 346
3 529 420
3 522 428
2 534 418
2 512 422
2 510 423
3 538 345
1 510 333
3 542 359
4 501 358
2 520 429
4 489 415
1 527 337
1 484 367
3 539 415
3 547 373
3 540 412
1 536 345
4 493 381
2 516 429
4 480 405
2 522 429
1 519 337
1 545 360
1 547 362
3 550 391
1 482 368
3 541 410
4 489 390
1 547 361
1 521 341
2 492 409
2 523 425
2 532 420
2 549 402
1 513 341
2 552 365
1 512 351
3 544 353
3 551 401
3 541 408
3 547 399
1 515 346
1 525 338
2 497 407
1 519 336
2 531 419
3 551 370
2 521 429
3 537 419
3 547 398
3 534 380
2 525 424
3 538 346
1 530 348
4 503 336
3 542 410
4 493 384
4 481 369
1 525 337
3 543 356
4 492 381
3 522 427
4 497 356
3 551 371
3 527 423
1 531 345
3 527 424
2 520 430
1 506 336
4 487 400
2 548 404
4 483 374
3 533 382
4 483 403
3 539 416
3 548 399
3 523 427
4 485 370
1 511 335
1 495 342
3 528 338
2 478 409
2 536 420
1 535 346
2 482 410
2 478 410
1 551 363
1 523 340
4 508 420
3 546 360
1 491 340
3 541 406
1 519 335
2 542 411
3 543 396
1 483 368
2 527 425
1 522 340
4 490 345
2 514 417
3 552 401
1 495 341
4 482 374
4 478 407
2 493 409
4 483 412
4 488 340
1 495 340
3 544 352
3 548 398
2 482 411
1 496 343
2 549 403
1 552 363
4 503 335
3 534 382
4 490 391
3 547 372
4 501 385
4 489 352
2 498 412
3 520 336
3 539 378
2 536 421
4 496 354
1 542 349
1 541 349
2 493 410
3 521 336
4 489 386
2 547 405
3 522 336
4 477 407
2 480 411
1 480 404
1 502 336
3 552 402
3 527 422
3 544 354
3 543 359
1 478 406
3 549 385
1 547 360
1 508 335
2 495 407
1 502 335
3 523 429
2 544 403
4 489 379
1 547 359
2 532 421
3 553 401
2 521 430
2 534 419
3 549 404
2 518 426
2 531 420
4 500 419
1 508 334
4 498 418
3 537 418
4 502 338
3 543 351
4 484 402
3 548 361
3 549 361
3 511 333
2 534 420
3 542 381
3 548 373
1 533 345
1 519 334
2 507 420
2 480 412
2 535 420
1 488 339
1 536 344
1 550 363
1 493 343
1 481 368
2 502 418
2 529 421
1 530 347
2 486 411
1 477 406
2 544 404
1 494 340
3 530 339
1 487 366
4 483 367
3 547 389
2 517 427
1 501 342
4 501 335
2 495 408
1 528 337
1 538 344
1 546 359
4 498 360
3 543 397
4 479 411
4 500 358
4 477 409
3 549 398
1 550 362
2 516 430
1 503 334
1 551 362
2 541 411
1 492 340
1 511 332
1 479 406
2 527 426
4 488 352
3 542 395
1 484 366
1 483 366
3 530 340
2 514 418
3 537 414
3 539 413
4 495 354
4 477 408
1 535 345
1 532 344
1 533 344
3 542 375
3 544 356
4 502 334
3 548 360
3 551 367
1 501 334
4 501 338
4 488 365
2 537 420
2 482 412
2 550 403
2 480 413
3 547 400
2 551 403
2 544 405
2 512 423
4 496 356
4 479 405
1 510 332
2 519 428
4 482 403
1 477 405
4 500 385
3 538 347
1 535 344
4 490 343
4 486 376
4 493 349
2 519 429
4 494 350
4 486 400
1 517 339
3 539 346
1 517 338
2 526 425
1 549 360
4 493 350
3 512 333
2 544 406
1 514 346
2 499 419
1 477 404
1 485 366
2 537 421
3 539 347
3 545 352
4 489 343
3 547 388
4 488 364
4 487 364
2 530 418
4 478 411
2 477 410
1 551 361
1 483 365
4 514 428
2 527 427
1 528 336
2 497 408
4 501 357
3 550 387
3 532 383
1 489 338
2 497 409
1 552 362
3 540 415
2 484 414
3 528 341
4 490 387
1 541 348
2 496 406
2 510 424
1 551 360
4 488 338
3 538 419
2 537 422
1 493 342
4 476 407
3 546 374
4 483 402
3 548 388
4 497 380
1 509 334
3 550 404
3 553 402
1 530 338
1 481 367
1 530 337
2 512 424
2 546 402
3 542 348
1 505 335
3 543 357
2 525 425
4 486 364
3 549 386
1 518 337
1 476 406
4 482 365
2 481 410
2 512 425
3 543 348
1 496 342
3 542 408
1 505 334
3 540 378
2 483 413
3 539 344
1 489 337
1 546 358
2 519 430
1 514 345
4 476 408
1 545 351
3 531 340
1 511 331
2 499 420
2 517 428
3 550 386
2 477 411
3 538 414
3 535 382
2 485 411
2 532 422
4 489 391
1 519 333
1 519 332
1 526 339
3 543 411
4 475 406
1 525 336
1 506 335
2 517 429
1 519 331
2 521 431
4 489 397
4 481 403
3 554 401
1 544 351
4 487 341
4 482 372
3 552 370
2 534 421
2 520 431
4 485 400
1 527 336
2 554 402
4 498 419
3 543 408
2 493 411
2 523 430
4 474 406
3 541 412
1 488 337
3 538 417
3 551 392
4 483 371
1 484 365
4 499 385
2 500 420
3 548 389
2 474 407
4 497 360
4 481 365
4 508 421
4 485 364
1 535 343
2 518 427
1 497 341
2 501 420
1 532 343
1 515 345
1 514 344
1 507 335
1 509 333
4 486 373
1 478 405
2 522 430
4 487 393
4 484 400
2 497 410
3 535 380
1 547 358
2 551 404
1 490 338
3 536 380
2 509 424
4 513 428
2 522 431
1 474 405
2 548 405
4 514 426
2 552 403
1 541 347
1 511 330
3 544 396
1 529 338
3 553 363
2 506 420
4 497 355
4 500 335
2 480 414
4 473 406
3 549 405
4 488 390
3 549 366
1 539 343
2 485 412
1 554 400
3 542 412
4 507 421
3 524 429
4 488 343
4 491 348
1 498 341
4 482 371
2 501 421
1 484 364
4 490 361
2 542 413
2 482 413
1 492 339
2 548 406
2 537 423
3 540 346
1 476 405
4 488 391
3 535 384
4 488 362
2 503 420
2 508 422
2 511 422
2 478 412
3 512 330
4 476 411
4 475 411
1 532 342
1 473 405
1 507 334
4 472 406
4 491 399
1 507 333
3 546 351
3 545 396
4 492 384
2 517 430
4 485 375
2 477 412
1 492 338
4 495 356
4 497 418
3 540 344
1 514 343
2 504 416
4 480 367
1 517 337
2 493 412
4 491 384
1 522 335
3 552 367
1 515 344
2 482 414
4 486 393
4 499 335
2 506 421
3 528 425
4 499 359
2 485 413
1 528 335
4 489 361
2 474 408
3 538 423
4 489 389
2 499 421
4 479 414
3 543 395
2 474 409
3 544 397
1 541 346
1 475 405
2 523 431
2 495 409
2 535 421
2 524 430
1 544 350
2 548 407
1 542 347
3 552 361
4 497 382
4 500 334
1 473 404
3 542 346
4 514 427
2 478 413
4 510 330
3 520 334
4 511 425
4 488 388
1 554 399
1 534 346
3 543 347
2 504 417
2 492 410
2 522 432
3 546 396
4 490 344
2 482 415
3 537 380
2 513 429
1 522 334
4 489 392
3 520 332
1 540 343
1 515 343
3 523 334
4 472 404
4 490 399
3 529 425
4 478 414
2 549 406
4 487 391
4 484 401
3 538 421
3 548 359
1 521 335
2 500 421
2 516 431
2 552 404
4 481 415
1 505 333
4 487 352
3 541 415
3 513 330
2 532 423
3 541 343
1 517 336
3 532 340
2 497 419
4 496 382
4 484 377
1 551 359
3 549 393
1 486 363
3 551 391
2 507 422
4 491 378
2 532 424
2 492 411
2 505 419
1 520 331
1 537 342
1 551 358
2 488 414
4 489 345
4 496 419
4 487 362
1 515 342
2 479 415
3 545 356
1 533 343
3 514 330
3 545 353
2 518 428
2 542 414
1 475 404
1 552 360
4 483 400
4 495 383
3 550 385
1 537 341
3 552 391
1 526 338
2 537 424
2 534 422
1 548 358
2 524 431
2 474 410
4 489 387
3 544 395
1 544 349
1 495 339
2 537 425
4 473 408
4 487 340
2 506 422
1 538 343
2 534 423
1 516 340
3 553 403
3 551 386
1 537 340
1 528 334
4 484 370
4 481 374
2 536 422
1 523 333
2 474 411
4 477 413
2 511 426
3 555 400
4 494 383
3 545 397
1 552 359
2 526 426
1 479 404
1 552 358
3 553 391
1 537 339
4 498 421
3 542 415
2 504 418
4 515 431
3 550 405
4 488 396
2 519 431
4 480 368
1 492 337
1 487 339
3 551 387
2 490 417
4 486 391
3 553 359
2 531 421
4 488 361
3 549 407
2 511 427
1 510 329
4 484 375
1 515 341
4 488 389
3 554 363
3 549 373
4 482 366
2 535 422
1 497 340
3 537 376
3 555 401
3 549 389
3 551 368
1 478 404
4 498 420
3 531 338
3 529 334
4 487 343
3 552 387
2 494 409
1 476 404
4 483 364
1 542 345
2 525 426
2 488 415
4 486 340
2 519 432
4 471 404
2 514 429
4 487 389
4 473 410
4 486 394
1 520 330
3 548 394
2 474 412
4 495 382
2 519 433
3 552 386
2 530 419
1 539 342
3 552 392
4 508 424
2 521 432
3 532 338
2 524 432
1 483 363
3 553 362
4 499 334
3 533 383
3 548 372
1 472 403
4 485 340
3 550 390
4 491 381
4 485 391
4 490 348
3 546 353
1 530 336
3 539 419
2 494 410
3 549 372
4 518 432
4 498 335
2 507 423
4 509 329
3 521 332
1 514 329
1 494 339
3 551 390
3 549 394
2 509 425
1 531 337
3 550 372
2 484 415
4 497 420
2 485 414
2 510 425
2 515 432
3 551 385
4 489 416
1 536 343
3 544 348
2 512 426
3 554 362
4 489 399
4 491 346
2 520 432
1 520 329
3 520 433
3 544 347
2 529 426
3 553 370
3 545 347
1 506 334
2 551 405
1 481 364
1 534 345
3 553 404
3 549 388
1 493 341
2 475 412
4 491 351
4 480 369
4 488 345
2 526 427
4 484 340
4 498 385
2 488 416
1 476 403
2 551 406
2 537 426
1 547 357
1 487 338
3 545 350
4 500 357
1 482 364
2 485 415
1 518 336
1 490 337
3 550 407
1 530 335
1 550 361
3 546 352
1 554 361
1 543 346
1 494 338
2 480 415
4 487 361
1 531 336
3 521 329
3 543 413
2 512 427
4 512 429
4 485 373
1 542 344
4 515 430
3 554 403
2 485 416
3 545 349
2 542 416
3 550 393
3 525 431
4 492 349
2 530 420
4 482 363
4 487 337
1 509 328
4 486 339
3 538 422
2 490 418
3 551 372
1 478 403
1 549 359
4 492 395
3 544 411
3 552 405
2 540 416
2 490 419
4 490 346
3 545 395
2 528 426
4 479 368
1 514 328
3 552 406
4 487 388
1 524 342
4 481 372
4 485 339
2 490 420
1 502 333
4 489 348
2 506 423
2 551 407
4 486 341
3 540 419
3 524 333
4 489 344
4 508 329
1 505 332
3 515 328
2 485 417
3 553 387
3 543 375
3 538 340
3 544 408
2 519 434
1 476 402
1 525 335
4 490 384
4 485 376
1 511 329
2 480 416
2 484 416
4 518 433
1 541 342
1 509 327
2 477 414
3 546 350
1 515 327
1 496 341
3 550 394
4 499 357
3 541 409
2 512 430
4 514 431
1 512 329
1 551 357
4 479 367
3 538 425
1 525 334
2 478 415
3 545 348
3 553 360
4 493 383
1 527 335
2 537 427
3 547 353
1 537 338
1 520 328
4 475 402
1 524 332
1 504 334
3 521 328
2 511 428
4 495 353
1 523 332
4 486 343
2 488 417
2 531 422
4 480 374
4 486 361
1 542 343
3 547 352
3 551 393
4 477 415
3 545 408
4 480 364
3 552 368
1 476 401
2 533 420
1 512 328
2 501 422
2 499 422
3 521 433
3 525 430
2 484 417
2 519 435
4 488 386
2 506 424
4 479 374
3 539 422
3 552 371
4 475 401
3 546 349
1 507 332
1 487 336
1 504 333
3 547 351
1 513 329
4 505 423
1 499 333
2 485 418
2 485 419
2 533 421
1 483 362
2 514 432
3 553 364
4 498 334
2 544 412
1 553 358
3 555 362
4 488 379
4 508 327
3 522 328
4 497 385
3 538 420
4 488 387
4 504 332
1 481 363
3 554 360
3 539 340
4 499 358
4 507 329
2 542 417
1 490 336
1 546 348
4 487 386
2 527 428
3 555 402
4 483 340
4 508 328
2 508 425
2 549 408
4 497 421
2 521 434
3 555 361
1 520 327
2 539 423
1 479 366
1 488 336
2 484 418
3 531 335
3 554 370
2 477 416
2 537 428
1 497 339
4 490 381
3 538 426
4 474 402
2 511 429
2 504 419
3 543 417
3 547 349
3 552 357
3 551 394
1 483 339
1 536 342
3 552 407
1 524 331
2 475 413
4 490 351
2 487 411
1 473 403
1 508 326
1 528 333
2 489 417
4 476 414
1 487 335
4 518 435
1 493 340
1 547 348
2 473 411
1 477 403
1 491 339
2 480 417
1 490 335
2 535 423
3 509 326
3 538 427
3 541 419
3 532 336
4 503 332
1 489 336
2 481 416
4 488 392
3 530 334
4 488 397
1 487 334
3 545 411
1 525 333
1 526 337
2 494 411
3 553 407
4 509 330
1 544 346
3 543 344
2 520 434
1 542 342
4 484 376
2 490 421
4 479 364
1 524 330
3 546 356
4 491 395
2 473 412
4 507 328
3 552 385
3 536 384
4 479 369
1 517 335
3 545 354
4 487 396
3 547 374
3 539 425
2 528 427
2 548 408
4 492 383
3 520 435
3 543 416
4 494 382
3 538 428
4 486 386
3 543 345
3 546 397
1 545 346
2 529 427
3 555 399
2 526 428
2 501 423
3 539 377
3 543 415
4 481 371
3 538 380
2 501 424
3 536 379
2 522 433
1 528 332
2 535 424
2 551 408
2 507 424
1 514 327
3 526 431
2 513 430
1 542 341
2 491 417
2 504 420
2 522 434
2 549 409
2 522 435
4 496 380
4 486 389
4 474 401
1 509 325
3 553 392
4 491 383
4 488 344
4 478 367
4 473 409
3 554 358
1 545 345
4 487 387
2 533 422
4 480 363
2 508 426
4 518 434
2 526 432
2 526 433
4 482 340
3 539 380
1 479 363
4 472 412
1 541 341
3 551 369
2 537 429
4 490 395
2 512 431
3 529 332
1 508 325
4 498 359
2 547 406
2 484 419
4 510 429
4 480 371
1 555 360
2 526 434
2 515 433
2 543 418
2 549 410
2 527 429
3 554 404
1 538 339
4 475 414
4 482 400
2 492 412
3 540 380
1 477 402
4 476 416
3 547 396
3 543 342
2 512 432
2 553 408
1 554 357
3 522 329
1 474 400
4 486 334
1 524 329
3 554 408
4 487 392
2 542 418
4 497 359
4 507 325
3 530 332
1 536 341
1 550 360
2 502 419
1 553 357
1 480 362
1 540 342
3 550 389
3 538 424
2 480 418
2 483 414
2 515 434
4 496 385
2 544 413
1 490 334
4 492 350
3 556 360
1 471 403
4 498 358
2 485 420
1 501 333
4 485 343
4 507 327
1 509 324
1 503 331
4 502 331
4 489 421
1 484 339
1 523 331
4 486 396
4 487 379
3 555 404
3 525 329
2 537 430
2 518 436
3 544 344
2 525 432
2 551 409
1 547 347
2 539 426
1 494 337
4 507 425
1 497 338
1 520 326
4 473 402
3 553 405
1 491 338
4 487 390
2 513 431
1 494 336
1 501 332
4 489 384
4 486 336
4 497 358
4 488 421
2 541 420
4 506 327
1 547 346
3 555 403
1 525 328
3 548 374
4 509 429
4 508 324
4 506 328
4 488 348
1 499 332
4 483 370
1 474 399
3 548 349
1 556 359
1 480 361
4 484 391
3 557 360
1 538 338
1 523 330
2 536 423
4 485 386
2 543 419
1 507 324
2 516 432
1 536 340
3 555 370
3 550 410
3 539 421
3 547 350
3 543 381
4 486 388
4 496 358
1 490 333
1 505 331
3 539 339
3 554 364
2 520 436
2 535 425
4 486 338
3 553 406
2 494 412
2 514 433
2 532 425
2 539 427
4 478 374
3 510 324
1 503 330
3 553 365
1 528 331
4 486 335
4 480 372
1 514 326
4 472 405
3 554 387
1 495 338
2 495 410
1 538 337
4 507 426
4 506 329
1 501 331
3 550 373
4 493 347
4 511 431
1 488 335
1 542 340
3 545 344
2 528 428
4 482 370
4 507 326
2 476 417
4 473 400
4 485 396
3 549 374
1 490 332
3 553 385
1 514 325
2 531 423
2 524 433
2 497 422
1 478 366
4 472 410
1 535 342
4 483 391
3 540 421
1 543 341
2 550 411
2 553 409
1 503 329
1 492 336
3 554 405
2 506 425
1 535 341
2 503 421
3 540 422
1 500 333
4 484 343
2 503 422
3 550 388
3 521 326
2 524 434
3 538 376
4 471 405
1 533 342
4 474 414
1 511 328
3 555 364
2 497 423
2 523 432
4 485 338
4 479 372
2 535 426
1 476 400
3 546 344
4 496 423
1 526 336
3 527 433
2 547 407
4 506 426
2 478 416
1 477 401
4 489 395
3 547 397
1 528 330
4 502 330
2 483 415
4 508 429
2 473 413
1 491 337
3 556 364
1 519 330
3 548 397
3 551 389
2 482 416
1 550 359
2 501 425
1 503 328
3 526 328
3 554 407
4 479 361
2 551 410
2 525 433
1 540 341
3 533 336
3 555 408
2 529 428
2 509 430
1 542 339
1 557 359
3 547 356
4 477 366
3 543 340
4 511 432
1 550 358
3 537 384
3 550 374
1 488 334
2 473 414
3 544 417
3 545 412
4 485 335
4 487 344
2 483 416
3 548 348
3 544 375
1 491 336
4 477 374
3 549 349
1 515 326
1 476 399
2 555 409
3 556 404
4 507 429
4 491 349
3 544 419
4 490 383
4 489 332
1 483 338
2 520 437
2 555 410
1 517 334
4 496 422
2 501 426
4 506 325
1 489 331
1 485 334
4 506 429
2 479 416
3 548 353
3 541 422
1 472 402
4 484 396
2 482 417
1 516 339
1 530 331
4 506 324
4 500 425
1 473 399
1 525 327
4 484 373
4 492 347
4 519 437
2 482 418
2 541 423
4 502 329
3 552 389
4 505 429
2 493 413
3 556 403
1 486 333
4 504 429
3 542 423
4 495 380
2 521 435
2 531 424
2 547 408
1 549 348
2 494 413
4 470 403
1 497 337
1 475 400
3 552 369
1 535 340
2 478 417
2 470 404
3 546 345
2 548 409
1 498 333
4 479 362
4 489 342
1 543 339
2 499 423
4 473 407
2 502 420
1 504 331
1 533 335
2 537 431
1 498 332
3 543 423
4 505 327
4 472 413
1 509 323
4 514 434
4 487 397
1 473 398
4 486 337
1 545 343
4 472 400
2 499 424
2 520 438
2 540 423
4 489 381
4 484 386
4 486 344
3 523 435
3 548 347
4 487 345
1 514 324
2 503 423
3 557 364
2 495 411
4 513 434
3 555 387
4 472 407
3 546 412
1 514 323
2 550 412
4 485 393
3 556 409
4 489 351
1 540 340
1 494 335
3 543 355
1 537 337
3 557 403
1 485 333
4 485 337
2 555 411
2 527 434
2 511 433
2 504 430
4 488 331
2 493 414
4 488 332
2 505 430
1 517 333
4 500 426
1 485 332
1 508 323
3 556 401
4 510 432
4 478 364
2 524 435
4 494 354
3 531 332
2 553 410
4 489 346
1 489 330
1 489 329
4 469 403
1 498 331
4 472 398
4 486 379
4 476 374
1 496 340
1 550 357
4 472 414
3 550 398
1 520 325
4 478 362
1 519 329
4 471 410
4 488 384
1 534 344
4 509 432
4 493 354
2 478 418
3 558 403
2 549 411
4 494 356
4 470 410
2 483 417
4 475 417
2 469 404
1 542 338
1 552 356
1 503 327
4 483 396
3 536 382
4 475 416
3 541 378
4 477 364
3 538 384
3 515 324
2 471 411
2 497 424
1 541 340
1 522 327
3 539 337
1 471 402
1 494 334
3 538 431
2 499 425
2 537 432
1 504 330
3 548 396
1 505 326
4 484 334
4 486 390
1 481 362
3 538 429
2 537 433
1 536 339
4 508 432
2 523 436
4 493 382
1 497 336
2 553 411
1 534 343
3 541 421
1 482 339
4 503 430
3 558 364
4 498 357
2 515 435
3 556 410
2 471 412
1 554 356
3 515 323
2 522 436
4 492 382
3 526 327
3 527 328
2 509 433
2 487 412
1 540 339
3 540 425
4 482 391
4 483 375
4 478 363
4 491 350
2 554 409
2 479 417
1 474 398
4 486 387
3 557 404
2 481 417
3 549 396
4 483 373
3 556 387
4 477 363
2 477 417
1 550 356
4 514 435
1 489 328
4 476 364
3 553 367
3 527 327
4 480 365
4 488 329
3 556 399
3 556 370
4 505 324
2 489 422
3 524 436
1 489 327
4 483 334
4 487 384
4 472 399
3 546 354
1 530 330
4 483 386
3 548 351
1 532 335
4 487 421
4 495 385
1 490 331
3 540 427
1 531 331
1 521 325
2 484 420
4 474 416
1 495 337
1 547 345
3 525 435
4 487 331
1 523 329
1 488 328
3 549 353
3 544 355
1 507 323
3 539 424
2 506 430
1 487 330
2 488 422
4 485 390
1 544 343
4 476 366
4 513 435
3 547 344
4 499 426
1 524 328
4 483 419
1 555 359
4 484 337
3 556 362
4 488 351
4 486 384
1 522 326
2 522 437
2 558 404
4 487 422
1 535 339
1 527 326
4 475 364
4 468 404
3 558 359
1 541 339
3 534 336
2 493 415
1 532 334
4 482 338
4 508 433
2 481 418
3 559 403
2 549 412
2 510 433
3 542 422
2 542 424
4 471 400
2 537 434
3 540 426
1 524 327
4 487 329
2 480 419
2 548 410
3 550 396
2 532 426
1 471 399
3 541 427
3 542 421
2 533 423
1 470 402
3 557 370
3 549 397
3 548 352
2 505 431
4 495 358
1 517 332
1 507 322
4 484 332
3 544 340
2 552 408
1 498 330
1 484 331
2 526 435
2 480 420
4 489 383
4 485 379
3 541 380
1 495 336
3 528 327
3 555 356
3 534 335
1 482 337
2 478 419
2 529 429
3 544 342
1 546 343
1 500 332
2 528 429
3 554 365
3 526 329
2 550 413
3 555 407
2 470 411
3 557 410
1 540 338
2 487 423
4 479 365
2 496 424
2 545 413
3 554 385
4 474 417
4 506 323
2 496 425
4 490 350
2 487 424
3 553 368
2 503 431
1 555 355
2 517 431
2 557 411
4 475 366
2 489 423
3 529 333
2 526 436
2 534 424
4 485 389
1 553 356
4 488 381
4 485 388
4 468 403
3 508 322
2 528 430
2 482 419
2 476 418
2 468 405
1 477 362
3 555 363
4 486 423
4 484 335
1 500 331
4 473 401
1 545 342
2 549 413
1 516 338
3 558 410
2 559 404
2 503 432
3 539 384
4 487 351
4 488 346
2 519 438
1 551 356
4 470 399
3 521 438
3 550 349
3 538 432
1 545 341
1 508 321
3 557 362
2 539 428
3 550 348
1 520 324
3 556 407
2 542 425
2 554 410
4 476 362
2 525 436
2 524 437
2 500 427
4 507 321
4 486 352
3 543 424
1 514 322
4 475 374
4 483 332
4 467 403
4 467 404
2 468 406
2 539 429
4 499 427
3 550 397
1 549 347
2 471 413
3 544 423
1 539 336
2 487 425
3 551 413
1 530 329
1 511 327
3 543 338
1 471 398
2 468 407
3 559 410
4 490 378
4 485 387
1 559 402
3 542 380
1 485 331
2 487 426
4 494 380
4 486 392
3 532 331
1 511 326
2 469 405
3 558 411
2 487 427
2 545 414
1 538 336
2 492 413
4 467 407
3 553 371
1 540 337
2 509 434
4 483 343
2 483 420
2 538 433
1 505 323
4 485 392
4 481 337
2 476 419
4 466 403
4 494 358
3 546 341
1 487 328
3 525 437
1 506 322
1 536 338
2 472 415
4 489 350
3 546 342
2 538 434
1 535 338
3 542 420
3 555 385
2 497 425
4 502 432
1 491 335
2 556 411
4 471 414
1 482 336
4 518 437
4 488 383
4 482 373
3 551 348
1 501 330
2 556 412
2 510 434
1 490 330
2 553 412
4 518 438
1 534 334
1 541 338
1 501 329
3 544 339
2 548 411
1 524 326
3 540 377
4 488 350
2 530 421
2 504 431
1 533 334
4 496 359
3 543 422
1 502 328
3 540 428
2 470 412
3 559 411
4 472 409
3 556 400
4 494 353
3 545 339
3 560 402
3 533 331
3 549 352
1 498 329
4 487 383
4 494 385
2 511 434
3 558 370
1 560 401
4 505 322
2 487 428
2 472 416
2 488 423
1 547 343
1 535 337
4 493 353
4 483 377
3 539 433
2 488 424
3 542 378
4 485 423
2 549 414
3 554 367
4 478 369
2 549 415
2 512 433
4 482 375
4 489 378
2 523 437
2 485 424
1 521 324
2 523 438
3 557 387
1 526 326
3 553 386
3 547 341
2 540 429
4 479 371
4 469 411
4 470 398
4 484 388
1 477 361
3 554 386
4 473 417
1 550 347
2 524 438
4 467 406
3 556 361
2 469 412
4 469 398
2 475 418
4 466 407
4 470 400
4 485 344
4 468 398
1 492 335
2 466 408
2 477 418
3 543 421
2 494 414
3 543 378
1 494 333
4 472 401
1 507 320
1 488 327
4 467 405
2 530 422
4 493 380
3 557 409
4 482 343
4 486 329
1 471 397
4 481 373
3 545 419
1 483 331
2 552 409
3 531 330
2 536 424
2 559 412
3 556 356
1 484 330
1 552 355
4 484 424
2 552 410
2 498 422
2 531 425
4 472 417
2 526 437
4 486 345
2 486 424
1 546 340
4 484 379
1 479 360
4 465 408
1 513 328
4 503 429
2 466 409
3 522 325
4 492 380
2 495 412
3 551 388
4 506 321
3 552 393
3 553 393
4 486 426
1 507 319
2 490 422
4 485 426
3 544 424
4 486 351
3 544 416
2 475 419
3 542 427
2 514 436
1 489 326
4 478 365
2 506 431
4 487 350
1 513 327
4 487 346
4 491 347
2 495 413
1 512 327
2 504 432
3 546 339
3 540 336
4 484 390
4 491 382
4 497 357
2 508 434
3 551 397
4 506 319
4 485 345
4 484 389
4 485 351
4 466 406
1 492 334
4 481 343
1 537 336
2 482 420
1 532 330
1 554 355
1 499 331
2 501 427
3 551 373
3 552 413
3 560 404
3 534 331
1 523 328
3 541 336
1 554 354
1 511 325
3 547 340
2 471 415
3 532 332
4 501 432
2 496 426
2 536 425
2 500 428
4 484 423
1 485 330
2 538 435
1 507 318
3 546 419
4 487 348
1 503 326
3 548 344
2 515 436
1 555 354
2 538 436
3 539 432
4 471 417
1 552 354
3 551 398
2 490 423
2 493 416
1 545 338
1 559 401
4 465 409
1 490 329
2 477 419
1 478 361
4 486 425
4 488 395
3 556 408
3 525 438
4 465 407
3 560 410
3 523 325
2 506 432
1 510 323
4 478 360
1 484 329
2 540 430
1 548 343
2 516 433
2 527 435
1 465 406
4 470 415
1 477 360
2 466 410
1 550 346
2 512 434
3 556 354
4 487 381
1 509 322
1 503 325
2 486 427
1 533 330
3 545 424
4 512 435
4 477 365
1 465 405
4 485 394
4 483 388
2 548 412
2 509 435
4 467 398
2 482 421
1 492 333
3 554 371
2 535 427
3 531 329
4 464 406
2 520 439
2 554 411
4 502 325
4 492 353
3 550 414
2 559 413
4 482 388
3 552 348
3 548 340
4 470 397
4 483 376
2 485 427
1 532 329
3 543 427
2 523 439
3 526 438
4 493 385
1 535 336
1 498 328
3 539 376
3 543 380
4 504 323
3 556 385
4 488 342
3 555 365
1 487 327
3 559 359
1 477 359
1 488 326
2 540 431
4 466 404
1 527 325
2 531 426
2 533 424
4 481 340
4 477 367
1 522 324
4 485 341
1 544 338
2 518 439
1 521 323
4 469 400
4 483 389
1 532 328
4 474 366
1 485 329
1 539 335
4 471 401
1 483 330
4 485 425
1 474 365
2 547 409
2 491 418
3 508 318
4 507 433
3 552 397
3 540 432
3 544 427
3 554 368
4 496 355
1 468 397
3 537 382
2 488 425
2 474 418
4 484 425
2 486 428
3 560 413
3 545 423
2 554 412
1 553 355
2 504 433
1 495 335
2 555 412
3 546 338
3 557 399
1 501 328
1 510 322
4 483 424
3 547 342
1 520 323
4 476 360
2 535 428
3 548 350
2 528 431
4 473 365
3 539 436
3 560 359
2 494 415
1 490 328
1 556 353
4 468 411
4 486 328
4 490 382
4 489 382
3 534 330
3 557 385
1 500 330
3 542 336
4 487 342
3 547 339
1 473 364
3 558 385
4 484 344
4 502 430
4 484 341
3 544 378
3 549 340
4 484 393
1 504 322
3 527 438
3 541 431
2 527 439
2 469 413
1 488 325
3 540 376
2 548 413
1 518 335
3 557 353
4 470 401
2 527 440
1 538 335
3 548 342
4 485 428
3 534 383
1 472 397
1 497 335
2 492 414
1 488 324
3 543 336
4 487 325
3 555 386
3 528 440
3 557 354
1 541 335
1 473 363
3 559 370
2 530 423
3 541 426
2 543 428
4 486 348
3 545 416
2 525 439
1 479 359
3 541 337
1 497 334
4 502 431
1 539 334
2 474 419
3 544 381
3 551 347
4 468 413
1 478 359
3 555 371
1 472 396
2 520 440
4 481 339
4 503 323
2 496 427
3 561 404
2 546 420
4 463 406
2 558 412
1 550 345
3 508 319
2 476 420
4 480 339
3 558 399
3 558 409
1 528 326
4 471 416
3 549 351
1 531 328
3 542 337
1 539 333
1 525 326
1 536 337
3 542 335
4 481 336
2 508 435
2 485 429
4 473 419
3 535 383
2 522 438
1 497 333
3 533 328
3 546 424
2 524 439
4 517 438
1 463 405
3 550 352
3 540 384
4 484 427
3 539 435
3 548 339
1 463 404
3 556 365
4 473 366
2 497 426
4 483 335
3 549 344
3 541 430
4 486 325
3 541 377
1 539 332
1 534 329
1 481 335
4 481 338
3 544 422
3 537 379
3 554 391
1 481 334
3 529 327
3 550 366
4 475 360
2 530 424
1 503 322
2 497 427
2 541 432
1 530 328
1 503 321
1 500 329
1 469 397
1 473 362
2 466 411
4 491 353
1 557 352
3 555 405
4 503 433
4 464 408
1 484 328
4 464 407
3 540 334
2 546 425
1 474 364
4 495 355
2 488 426
2 477 420
1 543 335
1 534 328
1 536 336
2 479 418
3 541 376
2 539 437
3 539 434
4 480 334
1 546 337
1 545 337
2 559 414
3 555 367
1 496 339
1 538 334
1 495 334
2 531 427
3 552 398
1 525 325
1 548 338
4 467 413
3 540 437
3 550 344
1 475 359
2 518 440
4 484 394
1 551 346
4 470 414
1 507 317
2 468 414
4 507 435
3 529 326
1 473 361
1 503 320
4 517 437
4 501 430
2 472 418
3 558 354
2 530 425
4 487 395
3 522 323
2 528 441
2 507 436
2 522 439
2 488 427
4 487 324
4 481 388
2 544 428
2 560 414
1 518 334
3 558 353
3 556 386
2 517 439
1 467 397
2 500 429
2 477 421
3 544 380
3 552 347
1 546 336
4 468 400
1 499 330
3 529 440
2 476 421
4 492 354
2 501 433
1 480 333
1 554 353
3 556 405
1 486 324
4 493 358
3 540 435
2 512 436
1 533 327
4 481 370
1 503 319
3 553 397
4 490 347
4 502 320
2 543 429
4 472 362
1 546 335
4 484 351
4 489 347
2 561 405
2 505 432
4 471 418
3 540 433
3 556 367
2 523 440
3 545 375
3 528 438
1 511 324
4 465 411
1 559 358
3 554 406
2 465 412
2 494 416
2 547 410
1 495 333
2 475 420
3 544 421
1 523 324
3 551 349
3 553 348
1 472 361
1 514 321
2 476 422
4 470 418
4 485 324
3 508 320
1 556 352
1 469 396
1 492 332
3 542 431
2 481 419
1 531 327
4 482 377
2 516 434
2 555 413
1 471 396
3 554 348
3 561 402
4 485 352
3 560 403
4 481 375
3 528 439
1 474 363
3 546 395
3 547 335
3 549 350
3 558 352
1 465 404
2 525 440
1 468 396
2 498 423
1 504 321
3 529 438
3 535 328
1 513 326
1 476 359
2 556 413
3 552 394
3 552 373
3 545 421
4 502 323
2 465 413
3 545 417
1 485 323
1 542 334
2 552 414
3 562 404
3 540 434
2 522 440
3 536 328
2 557 412
4 483 344
4 482 376
1 498 327
2 547 411
1 517 331
3 561 413
4 480 336
3 536 383
1 482 335
4 464 412
3 541 435
2 475 421
3 557 361
4 480 375
1 495 332
3 547 425
3 557 356
2 505 433
4 480 373
3 553 373
1 531 326
1 464 405
1 469 395
3 541 437
4 462 406
3 546 416
1 494 332
3 549 338
1 494 331
4 502 322
3 547 416
3 559 399
2 490 424
1 545 336
3 545 427
1 509 321
4 471 362
1 511 323
1 562 403
2 500 430
4 506 317
4 478 371
4 474 421
1 472 360
1 482 334
2 472 419
4 490 349
3 560 399
1 506 316
4 472 366
4 483 379
1 476 358
4 482 386
4 484 426
4 482 389
4 464 409
4 469 415
4 482 331
4 463 412
4 501 320
4 466 397
4 501 431
4 507 434
2 526 439
4 487 326
1 485 322
2 500 431
3 544 418
2 558 413
2 562 405
3 551 396
2 473 420
4 494 355
2 505 434
2 561 414
2 538 437
4 482 379
3 551 344
3 509 320
1 541 334
3 561 401
1 530 327
1 492 331
2 488 428
2 507 437
2 514 437
4 486 383
4 469 399
4 482 424
4 469 418
4 484 387
4 465 397
2 478 420
2 505 435
4 474 359
4 504 435
2 466 412
2 465 414
1 539 331
2 531 428
1 498 326
4 472 363
1 467 396
1 552 346
1 535 327
2 503 434
4 489 349
1 513 325
3 563 404
3 543 431
1 528 325
2 523 441
1 541 333
4 484 392
2 482 425
1 554 347
1 555 353
2 552 415
4 462 412
2 478 421
1 467 395
1 532 327
4 472 364
3 563 403
1 487 323
2 511 435
2 505 436
3 564 403
4 465 410
3 552 390
4 483 392
4 472 420
4 481 386
1 540 333
3 549 342
2 470 419
1 493 339
1 551 343
2 489 424
2 536 426
2 470 420
4 516 438
1 553 347
4 500 320
4 485 348
1 520 322
3 529 439
2 559 415
4 471 361
4 479 339
4 466 398
2 511 436
1 508 317
1 528 324
4 481 424
3 541 384
4 475 422
1 554 346
3 558 362
1 560 358
3 529 325
1 542 333
3 555 357
4 499 430
3 557 400
4 481 379
1 513 324
2 494 417
2 556 414
2 543 432
4 479 336
2 535 429
1 534 327
4 486 350
4 488 378
1 533 326
3 540 331
1 497 332
4 484 348
1 519 328
4 505 316
4 500 433
1 564 402
1 472 359
2 536 427
3 560 411
1 524 325
2 559 416
4 464 411
2 472 421
4 480 424
1 534 326
2 491 419
2 539 438
3 542 430
3 552 372
3 538 382
2 471 419
4 496 357
4 486 342
3 545 422
1 536 327
3 551 345
4 466 396
1 542 332
2 465 415
4 482 330
1 472 358
2 496 428
3 552 388
2 462 413
2 502 433
3 540 438
2 483 425
2 521 439
2 473 421
3 535 330
3 557 365
2 532 427
3 553 389
4 495 357
1 482 329
2 546 426
4 479 375
1 531 325
4 465 403
3 554 389
3 537 327
2 536 428
1 471 360
3 507 316
3 546 427
4 481 391
2 538 438
2 525 441
4 490 353
1 561 400
2 489 425
4 480 340
2 471 420
1 555 352
3 523 323
4 481 329
2 466 413
3 552 343
3 558 387
3 545 428
1 491 334
1 482 328
2 550 415
3 545 378
3 561 358
4 479 424
2 464 413
4 481 376
4 482 344
1 535 326
2 513 436
3 539 382
2 474 422
2 468 415
3 552 345
2 463 413
2 521 440
2 468 416
2 554 413
1 495 331
3 547 426
1 562 402
4 471 421
4 469 402
2 520 441
1 561 357
1 509 319
2 556 415
4 488 349
3 555 368
2 507 438
4 499 433
2 511 437
3 553 369
3 561 399
4 464 403
4 473 422
4 468 402
2 526 440
3 542 384
3 546 421
4 480 391
1 537 326
3 544 432
3 542 437
3 545 381
4 503 435
1 560 357
2 476 423
3 529 441
4 481 331
4 470 361
3 554 397
1 521 322
1 548 337
4 485 384
4 477 371
4 485 325
1 484 327
1 545 335
4 480 329
4 478 372
3 529 324
1 476 357
2 525 442
4 469 419
2 493 417
2 526 441
4 471 359
4 502 435
3 558 356
1 505 315
4 488 382
4 516 439
3 537 383
4 478 368
3 561 411
3 550 350
2 549 416
1 538 333
1 530 326
1 526 325
4 505 317
4 478 424
2 476 424
1 512 326
4 477 369
1 514 320
4 467 416
1 549 337
4 461 412
4 499 431
3 544 429
4 481 328
3 562 400
3 562 413
3 551 374
3 557 408
3 543 334
3 508 316
2 481 425
1 550 343
3 562 401
4 479 391
4 493 356
1 489 325
2 478 425
1 524 324
1 461 411
4 467 400
3 555 391
1 473 360
2 496 429
4 463 403
3 543 430
4 469 401
3 559 354
2 536 429
1 508 315
2 502 436
3 550 338
1 495 330
1 512 325
3 547 395
4 469 420
1 513 323
1 461 410
1 482 327
3 549 339
1 464 402
3 562 357
1 561 356
2 557 413
2 468 417
2 493 418
3 538 379
1 523 322
1 553 346
1 525 324
2 466 414
4 463 408
1 549 336
2 549 417
1 489 324
1 463 402
2 475 423
3 542 377
4 464 414
3 552 396
3 515 320
1 503 318
3 532 325
3 535 329
1 510 321
4 481 330
2 484 428
3 558 360
2 518 441
1 514 319
3 544 430
2 527 441
4 501 435
1 542 331
4 475 357
1 559 353
3 559 360
2 465 416
2 540 439
1 492 330
2 560 415
1 533 325
3 543 377
3 562 411
2 486 429
3 559 385
1 477 358
2 548 414
1 503 317
2 496 430
4 465 398
1 526 324
1 563 402
3 536 329
1 484 326
2 527 442
2 501 436
2 520 442
1 527 324
4 517 441
4 480 337
3 551 366
2 489 426
2 486 430
2 537 435
1 543 333
2 473 423
2 557 414
4 474 357
1 501 319
2 542 438
3 544 377
3 540 436
4 482 332
1 463 401
3 543 331
3 541 436
2 514 438
2 548 415
2 486 431
4 502 321
4 460 411
1 535 325
1 549 335
2 521 441
3 540 382
2 560 416
3 553 390
3 550 337
2 508 436
1 495 329
3 552 344
1 538 332
4 483 326
1 549 334
1 496 338
2 516 440
3 538 383
1 518 333
1 549 333
2 512 437
2 513 437
2 553 413
3 554 373
4 484 345
4 506 438
2 535 430
2 476 425
1 508 314
4 462 405
3 545 380
4 466 395
3 537 328
3 553 396
2 538 439
3 515 321
4 485 383
1 514 318
4 478 391
3 547 419
1 473 359
4 463 409
1 528 323
1 471 358
3 558 408
2 552 416
4 470 358
2 544 433
1 510 320
4 463 407
4 487 382
2 510 435
4 504 316
2 494 418
2 484 429
2 490 425
1 500 319
4 470 421
1 526 323
2 464 415
3 563 411
4 480 331
4 480 343
4 463 415
3 563 405
1 470 357
3 546 423
3 561 416
2 488 429
1 489 323
2 502 437
1 522 322
2 514 439
4 485 431
1 474 356
1 522 321
1 518 332
3 546 375
3 550 351
1 529 323
1 494 330
2 468 418
3 553 388
2 536 430
2 543 433
3 555 348
2 487 429
3 550 342
3 556 368
1 514 317
3 554 390
2 481 426
1 461 409
2 562 414
1 485 321
2 549 418
3 551 342
1 519 327
1 536 326
2 552 417
4 479 329
4 487 349
1 514 316
1 479 328
4 477 372
2 509 436
2 465 417
4 461 405
4 483 351
3 556 355
2 493 419
3 560 353
1 530 325
3 543 438
3 563 413
4 465 396
1 500 318
3 561 353
3 547 423
2 471 422
1 502 319
1 547 334
1 467 394
3 561 410
4 475 425
2 490 426
3 565 402
3 550 335
3 547 421
3 554 388
2 560 417
3 556 371
3 554 393
1 524 323
4 468 420
3 544 431
2 515 437
3 557 368
2 503 436
4 462 415
2 553 414
4 462 407
2 542 439
3 562 410
1 471 357
3 557 407
3 524 322
4 481 344
3 562 353
1 463 400
4 480 335
3 552 374
3 515 319
2 483 426
4 470 359
3 563 357
3 555 346
1 518 331
1 502 318
2 521 442
3 561 417
3 550 333
4 462 404
2 481 427
2 559 417
4 484 431
3 559 409
3 539 383
1 551 341
2 480 425
3 540 383
3 538 326
1 478 358
4 460 410
2 549 419
1 522 320
1 486 323
4 464 417
3 560 354
2 460 412
2 478 426
2 519 439
1 547 333
3 552 342
2 514 440
2 540 440
3 551 350
1 559 352
2 479 425
2 562 415
3 548 395
3 541 434
3 561 354
2 473 424
2 542 440
3 557 371
1 537 325
2 538 440
2 565 403
2 545 429
3 562 356
3 559 408
1 523 321
4 516 441
4 464 416
2 503 437
2 498 424
1 530 324
2 536 431
4 462 400
3 555 373
3 538 325
1 548 336
4 498 433
2 559 418
1 504 315
4 492 385
1 562 352
3 563 415
1 494 329
1 482 326
1 527 323
1 520 321
3 555 388
4 481 389
3 558 407
1 468 395
3 553 394
4 499 319
1 549 332
1 541 332
3 553 398
2 537 436
3 548 425
2 559 419
3 547 420
4 482 392
2 492 415
3 553 374
4 479 331
3 543 437
2 558 414
4 471 363
1 499 318
1 554 345
1 549 331
3 542 436
1 498 325
3 541 382
1 525 323
2 553 415
3 559 407
4 463 416
2 514 441
4 484 352
4 498 319
1 493 338
2 495 414
3 560 385
1 547 332
4 478 329
3 553 342
1 521 321
2 499 434
1 565 401
1 544 337
4 477 426
1 527 322
3 546 422
1 563 356
4 484 324
4 476 369
4 469 358
2 466 415
4 513 441
2 519 440
4 519 442
4 469 357
1 472 357
3 545 432
3 555 393
4 472 365
2 476 426
4 464 396
4 485 430
2 562 416
3 547 422
4 481 392
2 460 413
3 554 374
2 465 418
1 551 340
3 548 420
3 551 337
1 518 330
4 485 342
4 480 386
1 469 356
2 472 422
4 472 424
3 563 416
2 484 432
1 524 321
3 528 322
1 552 341
1 533 324
1 557 351
2 488 430
4 483 352
1 528 321
3 557 386
4 465 395
2 467 417
1 493 337
2 507 439
3 516 319
4 498 318
4 480 427
2 533 425
2 541 438
4 479 333
3 555 345
1 483 325
4 471 364
3 560 409
2 476 427
1 515 318
4 497 433
4 475 426
3 546 381
4 470 422
2 560 418
3 548 421
1 476 356
2 499 435
1 559 351
3 550 331
2 470 423
3 548 426
3 543 440
1 508 313
1 514 315
2 527 443
3 542 435
2 493 420
1 524 320
3 561 359
4 478 375
4 480 392
4 479 340
1 492 329
3 528 443
2 460 414
1 462 399
1 489 322
4 491 354
4 486 382
3 547 427
1 510 319
2 498 434
4 476 372
3 539 326
2 516 442
3 537 329
4 482 352
2 531 429
3 540 326
4 470 360
1 516 318
1 562 351
4 461 399
3 563 353
1 486 322
3 562 354
4 459 414
4 464 398
2 464 418
2 544 434
3 544 438
3 564 356
1 535 324
2 554 414
1 526 322
1 460 409
4 507 314
1 511 322
1 474 355
3 561 409
4 483 324
2 516 443
2 527 444
2 556 416
4 459 409
2 565 404
1 546 334
1 471 356
4 515 443
1 482 325
1 470 356
2 554 415
3 538 329
2 531 430
2 465 419
1 492 328
2 547 428
3 551 333
3 515 316
3 557 355
2 473 425
2 530 426
4 480 338
1 503 316
2 517 442
3 550 332
1 550 330
2 521 443
2 528 444
4 458 414
4 480 330
1 493 336
1 493 335
3 560 360
3 517 319
4 459 411
4 480 389
3 554 394
4 500 436
2 565 405
1 510 318
3 555 374
3 549 395
2 554 416
1 500 317
2 563 417
4 497 318
2 473 426
3 551 330
1 500 316
2 521 444
1 533 323
2 562 417
4 483 345
1 476 355
1 503 315
3 558 355
2 557 415
1 550 329
1 562 350
1 477 357
4 475 369
1 523 320
4 476 371
2 543 441
2 519 443
4 481 352
1 507 313
1 553 341
2 487 430
3 538 327
1 501 318
2 464 419
3 547 375
1 515 315
4 461 415
4 480 388
4 479 334
2 553 416
4 482 345
4 514 443
2 539 439
1 556 351
1 546 333
3 564 416
1 458 413
3 552 340
3 556 388
4 475 372
3 545 430
1 514 314
3 517 318
3 565 356
3 509 313
1 543 330
2 512 438
3 562 359
4 506 314
2 518 442
4 481 326
2 556 417
4 505 314
3 542 382
2 542 441
4 462 416
2 558 415
4 460 415
1 543 329
3 563 400
4 478 334
1 534 325
1 537 324
1 505 313
1 472 356
1 518 329
3 560 408
4 480 326
3 554 342
4 478 336
3 556 348
1 546 332
3 560 412
2 477 427
3 566 404
2 562 418
4 480 370
2 553 417
2 475 427
1 460 408
4 479 335
3 551 329
1 481 325
3 558 365
4 468 356
3 553 372
2 494 419
1 509 312
2 520 443
3 550 336
4 486 381
2 482 426
2 489 427
4 499 320
4 477 336
3 518 319
2 527 445
1 514 313
3 562 399
1 502 317
4 478 333
2 504 436
2 509 437
3 551 332
4 497 434
3 534 323
4 480 376
2 506 439
4 496 318
3 556 346
4 461 407
3 555 406
2 488 431
1 558 351
1 495 328
4 483 341
2 562 419
3 563 352
3 529 322
3 563 414
1 484 323
2 463 417
1 559 350
1 519 326
2 469 421
3 529 321
1 550 328
1 466 394
1 522 319
1 475 356
2 478 427
3 558 361
3 555 347
4 477 368
3 564 353
1 506 313
4 464 397
4 504 313
1 458 412
1 536 325
2 541 439
4 484 430
4 468 421
1 549 330
3 549 426
4 481 327
2 516 444
2 554 417
2 540 441
3 547 424
3 562 409
1 515 314
2 469 422
1 566 403
4 477 391
1 517 317
1 500 315
2 489 428
1 562 349
3 539 327
3 543 435
1 526 321
3 561 412
4 473 355
1 467 393
2 524 440
2 499 436
3 549 421
2 476 428
1 542 330
3 555 394
1 500 314
2 518 443
1 491 333
3 518 318
3 544 441
1 512 324
2 465 420
2 525 443
3 551 338
4 459 410
3 563 350
2 541 440
3 559 361
1 479 327
1 496 317
2 561 418
1 478 328
2 534 425
1 484 322
3 560 361
1 539 325
3 544 440
2 500 437
2 540 442
2 496 431
4 481 332
1 531 324
3 565 353
2 477 428
3 566 405
3 552 338
4 472 425
1 485 320
4 468 422
3 516 315
4 467 356
2 523 442
2 526 442
1 543 328
1 521 320
1 553 340
1 461 398
4 483 429
2 562 420
2 506 440
3 528 445
4 485 382
1 471 355
1 548 335
2 500 438
1 566 402
3 550 426
4 483 431
1 551 328
3 555 390
3 535 323
1 563 349
2 490 427
4 497 319
3 544 437
4 478 335
1 556 345
1 515 313
3 566 401
1 476 354
4 478 339
1 491 332
3 548 427
4 478 327
2 511 438
4 471 366
1 563 348
4 481 345
4 474 427
1 487 322
1 549 329
1 547 331
2 516 445
4 458 411
3 540 327
1 483 323
3 550 421
1 464 395
1 545 334
3 564 352
1 503 314
4 466 356
3 544 435
3 567 404
2 538 441
3 553 343
1 479 326
3 563 399
2 542 442
3 563 418
4 471 365
2 463 418
3 567 402
3 563 410
1 466 355
4 465 394
3 546 429
3 552 333
4 485 350
2 462 417
1 472 355
2 548 428
2 459 415
4 475 428
4 457 414
1 549 328
4 463 396
2 556 418
3 558 368
2 501 437
2 467 418
2 460 416
4 499 438
1 560 352
1 482 324
2 525 444
1 551 327
2 561 419
1 567 401
3 563 359
1 506 312
1 481 324
3 543 384
3 556 374
4 479 376
1 463 395
4 476 336
3 546 430
3 563 351
2 559 420
1 553 339
1 561 352
1 525 322
4 460 405
1 564 351
3 568 401
1 471 354
1 528 320
2 514 444
3 564 411
1 502 316
2 557 416
1 541 331
2 547 429
4 496 434
3 510 312
1 526 320
1 484 321
1 540 325
2 527 446
3 566 356
2 526 443
3 546 432
4 461 406
1 545 333
4 460 399
3 561 361
4 496 433
2 490 428
2 463 419
1 493 334
2 501 438
4 483 390
4 464 394
3 561 360
1 475 355
3 561 385
3 557 367
3 541 326
2 523 443
3 545 440
4 474 374
1 470 355
3 563 420
2 535 431
1 549 327
4 483 432
4 462 402
3 548 422
4 473 374
4 495 317
2 485 432
4 515 442
2 524 441
2 470 424
3 556 391
1 542 329
1 478 326
4 477 327
3 557 345
3 567 405
2 460 417
1 546 331
2 502 438
2 527 447
4 514 442
3 551 335
3 552 329
3 553 329
3 557 391
4 461 402
3 551 336
2 524 442
2 550 427
4 495 318
4 477 333
1 542 328
1 510 311
1 460 398
2 507 440
4 459 416
3 554 392
1 566 355
2 477 429
3 569 401
2 478 428
4 481 377
2 475 429
3 556 394
2 543 442
4 484 382
2 530 427
1 478 325
2 473 427
3 564 349
2 525 445
1 527 321
3 551 421
1 540 324
2 554 418
1 567 400
3 555 342
3 557 374
4 494 317
3 567 403
3 564 348
1 539 324
1 565 352
3 541 383
1 537 323
4 499 315
1 483 322
2 558 416
3 564 420
1 535 322
2 557 417
4 472 374
2 499 439
4 459 417
1 488 323
3 545 438
4 467 421
2 469 423
1 490 327
2 481 428
3 556 342
4 479 343
3 558 374
3 552 337
3 564 417
1 518 317
4 485 381
1 457 413
3 559 365
4 479 386
2 494 420
3 550 395
1 550 327
4 480 379
3 529 443
2 498 435
2 473 428
2 536 432
3 528 446
4 479 388
3 564 357
2 539 440
3 541 325
3 554 340
3 511 311
3 548 375
1 474 354
2 557 418
2 549 427
2 507 441
1 566 354
1 517 316
3 558 345
3 558 391
3 566 352
3 562 361
3 553 344
4 479 373
3 563 419
3 546 440
4 477 335
4 479 337
3 558 386
1 479 325
3 564 410
1 559 349
1 470 354
4 478 376
2 499 440
2 488 432
2 467 422
3 550 334
3 548 424
2 461 416
4 513 443
1 468 355
3 561 408
4 468 358
1 493 333
3 545 441
4 499 316
1 489 321
1 555 341
2 518 444
4 464 420
4 482 341
4 468 423
2 500 439
3 564 419
1 470 353
2 499 441
4 461 400
1 498 317
2 526 444
1 464 393
1 557 344
2 533 426
1 499 314
3 564 413
1 543 327
3 519 318
1 535 321
1 553 328
1 538 324
4 472 426
4 466 422
1 514 312
1 514 311
4 498 316
2 475 430
1 496 316
2 498 436
3 536 321
1 544 336
1 474 353
1 537 322
1 486 321
4 463 397
1 505 312
3 542 325
4 478 343
4 498 438
1 539 323
3 565 417
2 511 439
2 550 428
4 484 350
3 564 359
4 461 404
2 561 420
1 566 351
3 543 382
1 476 335
1 478 324
1 556 341
4 469 354
4 462 396
1 565 351
2 461 417
3 564 418
2 535 432
4 471 374
1 538 323
4 480 344
2 562 421
4 466 421
2 564 421
3 568 404
2 544 442
1 503 313
3 559 386
2 478 429
1 541 324
2 518 445
4 509 311
4 458 417
3 556 406
4 484 381
2 535 433
4 477 328
3 566 417
3 555 392
3 559 368
4 478 340
2 532 428
4 493 317
4 477 376
3 553 338
1 459 408
3 562 408
4 457 417
3 565 410
3 564 415
3 542 324
2 569 402
3 557 394
1 567 399
1 482 323
2 508 437
3 560 368
4 474 372
1 520 320
4 502 313
3 529 320
2 500 440
2 474 428
4 470 365
4 483 321
1 496 315
1 558 344
1 548 334
2 515 444
2 485 433
1 550 326
2 543 443
3 552 335
4 483 348
1 505 311
4 504 312
3 557 341
3 554 396
4 474 369
2 466 423
2 467 423
1 483 320
1 465 393
3 558 367
1 535 320
4 470 362
1 506 311
3 552 336
1 519 317
2 548 429
4 476 391
2 513 444
2 512 439
3 516 314
4 475 335
4 469 424
2 536 433
3 557 346
3 543 439
4 477 324
3 567 417
2 486 432
1 503 312
1 489 320
1 463 394
2 484 433
1 535 319
4 462 418
1 525 321
4 480 377
3 520 317
4 497 435
3 544 382
3 557 342
1 560 351
4 462 419
1 543 326
3 529 445
3 557 388
4 482 320
2 540 443
4 478 388
4 462 394
1 541 323
4 463 420
1 557 340
4 476 367
4 470 374
2 499 442
1 519 316
4 483 381
3 559 387
3 554 338
1 464 392
4 476 368
1 547 330
4 482 390
4 477 339
2 462 420
4 495 315
2 537 437
2 550 429
1 540 323
2 476 429
2 553 418
1 463 393
3 563 409
1 521 319
4 469 374
3 544 439
2 513 445
2 539 441
4 458 416
2 565 418
3 551 427
3 558 341
4 504 311
3 568 405
2 465 421
1 546 330
4 456 413
3 556 347
4 512 444
3 565 421
4 483 350
1 532 324
1 548 333
4 475 336
2 554 419
2 468 424
2 554 420
1 551 326
1 473 354
4 483 433
4 477 334
1 564 347
3 548 423
4 471 426
3 544 384
3 551 429
4 482 432
3 564 414
1 491 331
3 554 328
1 470 352
4 469 361
4 473 369
2 561 421
2 487 431
1 491 330
3 546 378
2 460 418
4 497 438
2 560 419
1 458 410
2 470 425
4 484 342
1 527 320
1 485 319
4 526 446
2 518 446
1 479 324
4 458 415
2 463 421
3 542 376
2 512 445
2 552 418
3 545 439
3 565 411
2 564 422
2 561 422
1 505 310
3 549 375
4 482 351
1 520 316
1 552 328
4 495 316
3 556 390
3 566 418
1 491 329
3 567 352
3 536 319
2 461 418
2 542 443
3 537 319
1 517 315
1 554 327
2 507 442
2 509 438
2 473 429
2 558 417
4 462 421
4 511 444
4 476 333
4 469 352
3 565 419
2 558 418
4 477 340
2 484 434
3 558 394
1 472 354
1 560 350
3 545 377
3 547 430
1 559 348
4 460 402
4 475 333
4 469 365
2 524 443
2 468 425
4 488 347
4 482 348
2 553 419
2 564 423
3 565 414
4 479 379
4 481 351
4 470 363
3 551 331
3 552 331
2 485 434
2 498 439
2 535 434
4 482 321
1 544 335
3 553 335
3 547 432
4 482 322
4 472 429
3 546 377
1 568 400
2 515 445
1 475 332
1 541 322
2 485 435
1 536 318
4 477 343
1 461 397
1 525 320
2 492 416
2 522 441
2 555 414
4 474 335
3 555 327
3 545 437
1 559 347
3 543 376
1 562 348
3 565 422
3 566 419
3 528 447
3 565 357
1 479 323
3 554 398
4 465 422
1 527 319
4 459 402
2 563 421
4 472 428
2 502 439
4 496 438
2 511 445
1 529 319
2 569 403
3 566 410
4 457 416
3 545 435
4 461 419
2 483 434
2 515 446
4 479 377
1 497 317
4 462 401
1 547 329
2 546 441
3 545 433
2 552 419
4 503 311
1 476 332
3 554 372
1 508 312
3 552 332
2 506 441
4 486 349
2 547 433
4 459 399
4 494 318
2 505 437
1 472 353
2 517 443
3 557 406
3 568 352
3 552 366
1 504 310
4 495 438
1 561 351
4 477 375
4 462 403
3 547 377
3 521 317
2 509 439
3 558 388
1 536 317
3 555 328
4 481 322
1 473 353
2 530 428
3 555 338
3 555 397
3 551 428
1 467 355
1 547 328
1 472 352
3 518 315
3 559 341
1 547 327
1 567 351
2 480 428
3 556 397
3 565 423
4 476 343
2 519 444
4 478 377
2 479 426
3 554 339
1 497 316
1 467 354
1 484 320
3 551 426
4 487 378
1 501 317
2 461 420
4 480 345
1 498 315
1 464 391
3 539 379
2 457 418
1 520 315
1 502 312
3 569 352
3 553 331
3 506 310
3 552 426
3 540 379
3 554 329
3 555 396
2 523 444
2 491 420
2 546 442
4 456 416
4 466 354
4 498 442
2 569 404
2 561 423
4 477 377
4 502 311
2 502 440
4 458 409
1 534 322
2 513 446
4 476 377
4 482 431
1 479 322
1 468 354
4 468 357
2 456 417
3 541 379
2 496 439
3 557 390
1 488 322
2 469 425
4 481 348
1 558 340
2 467 424
3 555 329
2 479 427
3 548 377
3 546 438
3 545 384
4 457 409
2 539 442
1 480 325
3 559 362
1 515 312
2 551 430
3 566 353
2 489 429
2 512 446
3 521 315
4 460 420
2 466 424
2 467 425
3 543 436
4 459 398
3 553 337
1 554 326
3 552 430
4 498 441
3 547 441
2 456 418
2 499 443
2 515 447
1 507 312
4 478 373
1 560 349
2 564 424
2 480 429
4 482 381
2 531 431
4 467 357
2 528 448
1 547 326
3 561 368
4 481 390
4 481 320
3 559 367
4 457 415
3 547 440
2 501 439
1 511 310
3 564 350
1 540 322
2 564 425
3 559 394
1 512 323
1 461 396
4 501 312
1 547 325
4 503 310
3 529 446
2 545 442
2 459 418
3 563 361
3 560 387
2 460 421
1 531 323
4 479 389
3 551 395
3 542 383
3 516 313
2 523 445
1 547 324
4 492 317
3 564 361
4 461 394
2 552 431
4 468 374
1 513 322
4 465 354
4 476 324
4 484 435
4 487 347
4 478 323
1 554 325
4 481 431
4 469 363
1 534 321
2 481 432
3 566 421
1 522 318
3 570 352
1 458 408
2 566 422
2 551 431
2 520 444
4 486 378
1 564 346
2 507 443
4 501 313
3 562 368
2 494 421
3 567 419
1 486 320
2 499 444
4 469 360
2 497 439
2 492 417
1 475 331
1 493 316
3 562 412
3 546 437
1 566 350
1 537 318
4 462 395
4 461 401
2 489 430
1 508 311
2 463 422
3 546 384
3 567 355
4 477 325
1 482 319
4 455 413
4 502 310
1 529 318
2 545 443
4 491 317
1 524 319
3 565 359
4 471 428
3 570 402
4 483 382
4 501 311
2 458 418
3 552 428
3 556 373
2 552 432
4 478 389
2 548 430
3 560 386
2 507 444
2 524 444
3 529 447
3 548 441
4 476 334
3 559 364
2 539 443
3 565 349
3 563 408
3 553 431
4 498 314
1 480 324
3 517 314
2 546 443
4 476 328
3 554 431
2 562 422
3 538 319
4 478 337
3 560 362
3 544 436
2 556 419
1 507 311
1 527 318
4 482 433
2 516 446
2 536 434
1 495 314
3 536 320
3 548 324
1 568 351
3 570 403
4 478 379
1 476 323
2 462 422
4 473 335
1 462 393
3 560 407
3 530 447
4 498 444
4 477 326
1 552 327
2 566 423
3 567 422
1 516 312
3 565 424
2 537 438
2 567 423
2 489 431
4 475 377
2 569 405
4 500 313
1 499 313
4 497 436
4 457 410
3 529 448
2 533 427
2 541 441
4 494 315
3 531 447
2 476 430
2 541 442
2 538 442
2 471 429
4 492 316
4 495 439
4 484 384
2 500 441
4 484 383
3 567 421
1 501 310
1 530 323
3 521 316
3 547 438
3 555 431
1 463 392
1 565 348
4 472 335
2 461 421
2 554 432
3 548 440
1 455 412
3 551 334
2 479 428
2 495 440
2 458 419
2 461 422
4 460 401
2 538 443
2 514 445
4 479 344
1 557 339
3 566 411
1 553 327
1 545 332
2 501 440
3 545 436
3 553 426
3 530 445
1 527 317
2 497 440
3 567 354
2 463 423
3 548 438
1 479 321
2 473 430
2 496 440
3 560 394
3 566 348
1 534 320
4 474 331
2 524 445
3 553 430
2 460 422
1 534 319
1 509 310
4 457 411
4 469 353
2 514 446
2 475 431
4 482 382
2 565 425
2 455 414
3 568 421
2 489 432
1 463 391
3 556 431
2 566 424
4 479 345
3 567 353
1 497 315
3 530 446
1 534 318
4 511 446
1 567 350
1 529 317
4 455 416
4 468 360
4 468 365
1 495 313
4 480 390
3 552 330
1 570 351
2 533 428
2 517 444
4 500 310
2 556 432
3 518 314
1 510 310
3 570 404
4 477 337
4 467 365
1 566 347
3 557 431
3 558 339
2 536 435
4 466 425
4 500 312
3 571 404
2 537 439
4 471 335
2 538 444
1 553 326
2 489 433
4 482 434
1 487 321
2 483 435
3 569 400
2 467 426
3 568 399
3 570 405
4 500 311
2 495 441
1 564 345
4 475 371
2 487 432
2 498 445
2 524 446
2 484 436
2 517 445
4 470 364
2 539 444
1 491 316
2 462 423
4 490 317
4 498 443
1 475 330
1 477 323
3 522 315
4 478 345
1 529 316
2 547 442
1 472 334
2 557 432
4 454 414
1 465 353
4 485 378
2 474 429
2 503 438
2 458 420
2 456 419
2 521 445
1 569 351
3 517 313
3 553 330
3 568 422
1 561 350
2 557 433
1 538 318
4 469 364
3 546 435
1 513 321
2 479 429
1 551 325
3 565 416
1 544 334
1 536 316
1 507 310
2 502 441
4 473 372
1 519 315
1 533 322
1 545 331
3 547 381
1 560 348
3 531 446
4 480 432
4 454 412
2 471 430
3 565 415
4 477 329
4 489 317
1 494 314
1 554 324
1 456 412
2 542 444
2 461 423
1 541 321
1 499 312
3 554 426
2 513 447
2 543 444
3 567 348
4 465 356
2 506 442
4 512 447
4 497 442
4 470 428
1 459 397
3 563 368
2 565 426
3 552 427
2 542 445
1 470 351
4 499 437
4 460 400
3 566 359
3 556 338
3 568 419
3 553 333
3 562 358
1 467 353
4 472 369
3 559 388
1 509 309
1 543 325
4 458 399
2 454 415
4 471 369
4 481 381
2 491 421
4 470 335
1 484 319
1 546 329
1 480 323
4 458 398
4 475 328
4 479 338
3 537 320
3 564 368
3 569 419
4 494 438
3 554 331
3 569 399
4 457 398
2 523 446
4 453 412
1 477 322
3 571 352
4 468 352
4 461 395
3 530 448
2 561 424
3 566 426
2 547 443
3 553 427
4 459 401
1 463 390
4 462 390
2 518 447
3 532 447
3 547 378
2 537 440
1 513 320
2 514 447
4 469 351
1 474 330
4 459 400
4 464 353
4 457 408
1 468 351
2 560 420
3 558 432
2 490 429
3 544 376
3 566 349
1 500 309
3 555 372
4 465 424
2 515 448
2 515 449
1 553 325
3 552 429
3 539 319
4 480 381
1 482 318
3 518 313
2 502 442
1 549 326
1 455 411
3 553 366
2 512 448
1 534 317
2 471 431
4 464 424
3 542 379
2 485 436
3 546 380
3 566 415
4 456 409
2 540 444
4 479 381
1 561 349
2 519 445
1 529 315
1 470 334
1 511 309
3 512 310
4 494 440
4 468 363
1 509 308
4 477 373
3 562 385
2 500 442
1 524 318
3 557 338
3 560 365
3 558 406
2 466 426
2 503 439
1 510 309
1 539 318
4 455 417
2 484 437
1 489 316
1 473 334
1 525 319
1 542 323
4 468 364
3 545 376
4 461 403
4 460 423
3 561 362
1 528 319
3 549 377
2 467 427
1 463 389
3 556 396
1 472 333
3 556 328
1 521 314
2 541 443
4 462 389
2 517 446
2 487 433
4 511 447
1 538 317
3 558 390
1 522 314
1 567 347
3 554 366
2 549 428
2 535 435
2 485 437
4 467 360
2 541 444
4 508 308
1 568 350
3 555 326
3 523 314
4 464 356
2 487 434
3 566 425
1 498 313
2 545 444
1 501 309
3 565 413
2 486 433
4 476 322
2 453 413
4 475 322
4 463 353
1 506 309
3 553 429
2 513 448
4 453 415
3 547 384
2 555 432
3 566 414
4 455 419
1 491 315
4 486 347
2 492 418
2 540 445
2 492 419
3 548 442
1 473 333
3 549 440
4 473 331
1 485 318
4 478 386
1 553 324
3 567 414
2 567 424
4 497 444
2 498 446
3 524 314
2 570 406
1 519 314
2 456 420
1 463 352
1 461 393
4 462 353
1 548 323
3 554 429
1 494 313
2 467 428
2 462 424
3 562 360
4 499 311
3 561 386
1 568 349
4 478 321
3 571 403
4 483 387
2 458 421
4 467 364
4 475 324
1 517 312
4 465 426
3 572 403
1 528 318
4 480 320
4 474 322
3 539 317
2 505 438
4 497 445
3 540 317
3 565 368
4 481 341
2 462 425
3 554 337
4 452 415
4 476 340
4 477 379
2 509 440
3 569 350
4 477 388
1 544 333
1 471 334
4 474 336
2 563 422
2 473 431
2 542 446
4 464 426
3 566 416
4 483 383
3 565 345
1 481 319
1 507 309
3 560 370
1 481 318
4 458 397
1 487 320
1 517 311
2 518 448
2 522 442
3 558 342
1 504 309
4 491 380
4 479 320
1 549 325
1 452 414
4 470 366
2 497 446
4 496 445
1 546 328
3 542 322
1 463 351
2 536 436
1 556 327
4 460 394
4 491 385
1 570 350
3 563 360
4 460 406
3 564 409
2 466 427
2 525 446
4 494 441
3 555 331
3 557 373
4 488 317
3 552 395
4 498 311
2 554 433
1 511 308
1 529 314
3 533 447
3 540 319
1 561 348
1 486 319
4 454 411
3 513 310
2 562 423
1 558 338
1 475 321
3 512 309
4 462 392
1 535 318
1 535 317
1 485 317
4 484 317
3 568 354
3 567 425
3 562 386
2 517 447
1 512 308
4 479 432
2 486 434
2 452 416
1 468 350
4 507 308
1 527 316
2 508 438
1 456 408
2 546 444
3 554 333
3 543 322
1 487 319
3 547 435
4 476 339
4 493 440
3 540 318
3 572 404
1 506 308
2 554 434
2 469 426
3 562 362
3 559 374
2 566 427
2 533 448
4 456 410
4 477 386
1 504 308
2 564 426
3 560 388
2 458 422
3 547 437
3 558 371
3 549 323
2 535 436
1 468 349
3 561 387
3 558 431
3 555 333
3 556 333
3 553 428
1 485 316
4 455 408
3 543 446
4 473 336
4 476 327
2 565 427
4 484 378
1 513 309
3 556 329
3 548 435
4 474 377
4 490 315
4 477 345
3 541 318
2 510 436
1 460 393
1 553 323
3 565 409
4 463 426
2 456 421
2 467 429
2 515 450
3 564 360
1 503 309
1 569 349
2 559 421
2 468 426
4 466 365
1 536 315
1 496 314
2 506 443
1 533 321
4 474 321
1 514 310
1 518 312
4 473 322
4 451 415
3 543 445
3 556 326
4 496 442
2 555 433
1 518 311
4 459 393
1 471 333
2 483 436
4 455 420
4 455 421
3 559 432
1 530 322
3 561 407
2 490 430
2 537 441
3 548 384
1 530 321
4 450 415
4 454 408
1 525 318
3 559 431
1 521 313
2 564 427
4 457 397
4 496 444
4 497 311
3 567 418
4 472 331
3 553 336
2 466 428
4 456 398
3 561 394
1 485 315
4 498 312
2 520 445
3 571 405
4 476 337
2 519 446
3 559 344
3 513 308
1 496 313
1 548 322
2 462 426
2 458 423
2 466 429
2 451 416
2 475 432
3 567 356
1 511 307
4 460 396
3 541 319
3 554 323
4 460 404
2 466 430
1 496 312
2 491 422
3 572 352
3 569 422
2 505 439
3 543 383
1 534 316
1 527 315
4 461 390
3 570 422
3 549 322
3 512 307
1 569 348
2 512 449
3 572 405
2 566 428
2 474 430
2 556 433
2 474 431
4 454 420
4 473 321
2 551 432
3 556 372
4 469 334
2 460 424
4 493 313
1 501 308
3 565 346
1 511 306
3 516 449
1 519 313
2 487 435
3 547 444
2 473 432
2 508 439
1 543 321
1 512 306
4 481 433
3 558 433
2 453 416
1 534 315
2 454 421
1 501 307
4 455 409
4 453 408
3 556 331
2 565 428
1 466 353
4 476 388
3 567 427
3 573 352
1 457 396
4 493 438
4 467 350
3 571 350
4 456 397
3 568 356
4 486 346
1 532 323
3 566 413
1 534 314
2 495 442
2 562 424
4 492 438
2 513 449
1 478 320
1 542 321
1 477 321
4 483 317
3 559 340
1 569 347
1 463 350
1 539 316
3 567 428
3 562 407
4 495 444
3 550 377
3 557 333
1 506 307
2 525 447
3 560 341
3 540 316
4 455 397
4 466 360
3 554 330
4 450 416
3 568 355
2 571 406
4 465 360
2 524 447
2 451 417
2 561 425
4 465 429
3 557 329
4 474 324
4 479 370
1 529 313
1 525 317
1 520 314
4 481 382
4 455 410
4 450 417
4 459 406
3 559 339
3 569 355
2 551 433
2 490 431
2 552 433
3 573 405
1 509 307
1 536 314
1 472 330
2 455 422
4 452 408
2 494 442
1 493 312
3 556 393
3 544 446
4 462 391
3 548 443
1 491 314
2 512 450
3 568 414
3 549 441
4 490 380
2 505 440
2 453 417
2 460 425
4 480 341
4 474 371
1 573 351
4 469 335
3 548 444
4 465 430
3 563 407
3 554 369
4 464 429
3 534 447
1 486 318
2 565 429
3 557 327
1 469 333
1 537 317
3 569 354
2 534 448
4 496 311
4 483 378
1 451 414
2 554 435
3 570 419
1 567 346
2 541 445
3 555 337
1 474 320
4 475 367
3 565 361
4 452 413
3 574 352
4 474 332
3 573 404
3 569 421
1 571 349
1 540 315
3 568 418
3 565 360
2 526 447
2 568 423
1 496 310
1 542 320
3 568 417
4 457 423
1 519 312
3 563 412
4 490 314
1 569 346
2 555 434
1 570 349
3 570 347
2 518 449
3 562 394
3 568 353
2 475 433
2 526 448
4 460 407
4 476 376
2 532 448
1 470 333
4 456 423
4 474 433
3 542 318
2 535 437
2 519 447
3 563 385
1 532 322
1 496 309
1 481 317
4 475 388
2 481 434
2 519 448
2 512 451
3 569 356
1 506 306
3 514 309
1 460 392
3 556 363
4 459 394
2 504 437
4 466 357
1 555 325
3 558 333
1 541 317
3 554 430
3 567 411
4 473 377
4 449 417
3 513 451
2 565 430
1 529 312
3 559 433
4 511 450
4 492 312
1 523 313
1 521 312
3 570 355
3 570 346
2 544 447
2 456 424
4 476 373
4 470 431
4 475 368
1 458 396
4 474 368
1 562 347
1 488 316
3 559 371
4 451 413
4 473 320
3 557 328
2 525 448
1 459 392
1 481 316
2 473 433
3 549 444
2 572 406
3 563 358
3 564 358
2 517 448
1 547 323
4 459 404
2 572 407
4 460 403
2 459 419
1 570 345
1 474 319
3 543 320
2 525 449
3 555 324
2 481 435
2 525 450
2 512 452
1 477 320
1 470 332
1 476 321
1 497 310
3 551 377
3 563 362
3 568 411
1 530 320
4 469 332
1 568 348
3 571 346
3 545 382
1 527 314
3 530 312
2 535 438
3 568 428
4 458 392
1 534 313
4 473 368
1 464 352
3 547 380
2 515 451
2 493 441
2 563 423
2 564 428
3 565 358
2 503 440
4 476 345
4 494 439
4 472 433
4 459 405
1 561 347
2 505 441
4 461 426
1 544 332
4 475 373
2 456 425
4 480 317
3 541 316
1 466 352
1 522 313
4 485 346
1 543 319
4 479 341
2 502 443
2 558 434
2 476 431
2 475 434
1 549 321
1 539 315
2 451 418
3 560 339
1 464 351
3 568 427
1 495 312
1 475 320
3 556 324
4 449 416
2 532 449
4 476 379
4 492 440
1 479 319
1 559 338
4 494 444
3 553 332
1 462 352
2 470 432
2 501 441
1 504 307
3 557 326
3 563 394
3 515 310
3 557 363
2 573 406
2 516 450
3 567 359
3 542 316
4 478 341
1 499 310
3 574 351
3 574 406
3 559 434
4 478 370
4 492 313
4 491 440
3 566 357
3 566 368
2 479 433
4 470 369
3 561 388
1 498 310
2 453 418
1 514 308
3 549 438
2 452 417
4 478 338
1 557 325
4 483 342
2 559 435
1 465 352
4 472 377
4 482 342
4 469 359
3 559 333
4 469 369
2 558 435
4 477 370
4 475 327
4 468 333
3 560 374
1 515 309
2 489 434
4 468 332
4 484 346
3 550 444
3 545 446
3 548 381
2 573 407
2 561 426
1 481 315
2 504 438
4 462 351
1 526 319
2 461 427
3 567 413
4 472 322
4 458 400
3 570 400
2 537 442
2 563 424
3 544 445
3 569 414
3 557 396
4 480 382
1 454 407
1 560 338
2 561 427
4 483 384
2 463 427
3 571 347
1 560 337
1 484 316
1 542 315
4 452 412
2 557 434
3 566 429
2 535 439
4 480 316
3 560 344
2 550 445
1 541 315
2 506 444
4 475 343
3 561 339
1 467 349
1 470 331
4 463 429
3 549 381
2 476 432
3 569 417
4 465 365
2 484 438
4 480 435
3 546 436
2 450 418
1 501 306
2 566 430
1 487 318
4 491 313
4 451 412
4 460 395
1 533 320
3 537 314
2 476 433
1 476 320
4 475 340
4 464 354
4 464 430
1 484 315
3 535 313
2 509 441
1 449 415
4 471 377
2 474 434
2 488 433
1 474 318
2 453 419
1 533 319
2 558 436
1 573 350
1 542 314
3 570 417
3 549 442
4 485 347
2 460 426
2 477 430
2 472 434
1 537 313
4 450 413
4 475 337
2 456 426
3 550 442
2 463 430
1 568 347
1 523 312
4 473 371
2 478 430
3 554 335
3 562 339
3 560 435
1 571 345
4 448 416
2 455 423
2 564 429
4 457 399
4 473 324
1 487 317
4 472 321
2 560 436
1 538 316
4 448 417
4 460 427
3 543 379
4 483 346
1 475 319
4 497 443
3 557 397
3 570 421
2 525 451
4 466 364
1 541 314
1 540 314
1 452 407
4 495 309
1 494 312
3 571 421
3 571 417
1 555 323
2 565 431
3 533 449
1 486 317
4 466 349
1 542 313
4 493 439
2 455 424
1 501 305
4 467 374
4 467 333
3 574 350
2 543 447
3 558 325
2 499 445
2 563 425
2 485 438
2 552 434
4 458 404
4 450 414
3 560 340
1 534 312
1 538 315
3 542 317
4 465 349
3 570 414
4 449 418
4 478 344
3 526 450
4 472 320
4 471 320
1 502 309
4 465 428
3 574 407
2 572 408
4 474 327
4 452 419
1 545 330
2 554 436
3 555 335
3 516 310
4 482 383
2 550 446
2 500 443
3 566 358
4 466 374
2 544 448
4 475 379
2 508 440
1 532 321
2 480 436
3 567 430
4 495 310
3 546 382
3 572 417
3 544 320
3 567 426
1 485 314
1 458 391
3 564 412
1 566 346
3 519 311
3 561 365
4 484 347
1 469 331
4 472 368
3 559 390
3 520 311
2 523 447
1 509 306
3 554 332
3 558 326
3 571 400
4 468 335
3 555 398
1 510 308
1 471 319
1 492 311
3 561 341
3 574 404
1 481 314
1 453 407
2 469 427
2 564 430
3 527 450
2 511 451
2 461 428
4 491 311
4 500 308
4 462 350
1 570 344
2 504 439
1 505 309
3 569 418
4 456 399
3 546 376
1 545 329
2 485 439
2 489 435
3 528 450
3 517 310
1 495 308
1 539 314
4 482 384
1 504 306
4 496 446
1 566 345
1 465 348
2 525 452
3 554 336
3 563 386
2 448 418
1 509 305
4 469 432
4 458 406
2 522 443
1 522 312
4 511 449
4 511 448
1 546 327
3 544 319
2 509 442
3 565 412
2 465 431
3 573 408
2 559 436
3 529 450
2 511 452
2 457 424
4 463 356
4 477 341
2 522 444
1 529 311
2 563 426
2 464 431
1 472 319
1 555 322
1 569 345
2 561 428
1 482 317
1 459 391
1 560 336
2 535 440
1 515 308
4 466 333
4 476 370
1 560 335
1 479 318
4 471 368
3 569 353
4 471 321
2 463 431
4 474 328
1 534 311
3 565 420
1 530 311
3 543 316
2 530 449
4 481 383
1 529 310
2 499 446
2 528 451
3 561 435
2 557 435
2 518 450
3 549 384
1 557 324
3 543 314
4 470 320
2 527 451
2 525 453
4 458 393
3 544 314
3 557 372
2 530 450
1 517 309
1 509 304
4 464 365
4 464 360
1 453 406
2 528 452
2 573 409
2 563 427
4 480 315
4 474 373
4 447 418
2 496 447
2 565 432
1 460 391
2 460 428
4 524 453
1 523 311
1 557 323
4 468 361
1 452 406
2 544 449
1 532 320
4 483 438
2 551 434
4 457 393
1 452 405
4 474 337
3 570 348
1 459 390
2 567 431
1 550 325
1 549 320
4 455 399
1 536 313
1 516 309
1 569 344
1 509 303
2 454 422
2 554 437
2 534 449
1 552 326
2 471 432
4 483 437
2 539 445
2 449 419
2 531 448
3 560 364
2 537 443
4 456 393
1 500 307
2 509 443
2 472 435
3 569 423
2 557 436
2 539 446
2 529 451
2 488 434
4 454 399
1 466 332
3 560 367
1 482 316
4 458 390
4 467 363
2 543 448
4 480 383
2 460 429
1 451 411
4 494 309
2 529 452
1 464 350
1 556 323
1 547 322
3 575 352
2 560 437
3 575 351
1 484 314
2 542 447
1 447 417
4 457 400
2 568 429
4 459 427
4 508 304
1 483 316
4 451 405
3 545 447
2 555 435
4 451 406
4 479 383
1 507 307
1 496 308
3 571 422
1 476 319
2 492 441
4 459 429
2 518 451
2 506 445
1 551 324
2 524 454
2 484 439
2 539 447
3 561 436
1 515 307
1 499 309
2 545 448
2 559 437
4 454 409
3 562 435
3 576 352
3 510 303
2 566 431
4 479 436
1 515 306
1 451 404
1 567 345
4 477 338
1 469 330
4 467 358
3 572 347
2 514 448
4 468 334
3 562 388
4 462 356
1 507 306
2 460 430
3 558 327
3 573 417
2 548 445
3 572 346
1 571 344
4 468 432
3 558 372
2 493 442
4 450 406
4 448 415
1 468 331
1 456 392
4 475 323
1 532 319
4 481 384
2 467 430
4 476 329
2 463 432
2 480 437
2 468 433
1 574 349
4 446 418
3 570 354
4 494 308
1 484 313
4 477 344
4 450 412
2 496 448
2 524 455
2 518 452
3 575 407
4 523 453
4 473 373
3 530 451
1 470 319
3 530 452
2 497 447
1 487 316
4 445 418
4 474 323
1 569 343
1 563 347
2 568 430
2 523 454
3 571 354
4 493 309
4 495 447
4 468 369
2 456 427
3 545 449
3 559 327
4 467 334
2 481 436
2 545 450
3 525 455
1 480 314
3 564 362
2 504 440
2 524 456
2 461 429
4 458 429
2 534 450
2 514 449
1 520 310
1 532 318
2 467 431
4 467 433
1 488 315
3 558 324
3 574 405
2 507 445
4 475 345
2 461 430
1 562 338
2 551 435
2 553 432
2 465 432
1 488 314
1 448 414
4 493 444
3 553 395
3 535 312
1 544 313
2 485 440
3 561 437
1 531 322
2 496 449
1 514 307
4 468 330
2 452 420
1 513 307
1 526 318
4 473 323
1 524 313
1 539 313
4 453 399
3 555 332
3 526 455
4 471 435
2 484 440
4 476 375
4 472 373
4 478 436
3 525 456
4 472 371
2 530 453
3 571 419
4 462 432
1 561 338
1 511 305
2 543 449
2 552 435
1 448 413
1 484 312
3 575 404
1 472 318
1 468 329
3 577 352
2 524 457
2 451 419
2 445 419
1 520 309
4 467 331
2 516 451
3 551 445
1 541 313
4 447 414
1 467 330
1 477 319
2 577 353
4 476 326
4 523 457
1 502 308
3 551 442
2 480 438
4 479 437
2 463 433
2 515 452
4 465 332
4 458 401
1 470 318
2 539 448
3 567 368
2 468 434
3 545 313
2 492 442
1 497 309
3 559 391
2 563 428
4 449 406
3 572 354
2 478 437
4 459 428
2 452 421
3 558 329
2 490 432
3 575 405
4 474 340
3 564 385
1 575 350
3 578 353
4 522 457
1 447 413
1 456 391
3 561 337
1 450 405
4 483 439
3 549 443
4 479 438
4 494 310
2 482 435
3 550 441
1 557 322
2 512 453
4 467 361
1 479 317
1 499 308
1 460 390
3 567 416
3 572 345
4 472 323
2 542 448
3 516 306
1 489 315
3 571 414
1 555 321
3 546 439
3 511 303
3 558 397
1 526 317
2 489 436
3 555 369
1 479 316
4 466 363
1 553 322
4 474 345
1 493 308
4 470 368
3 568 424
4 454 397
3 551 444
1 453 398
3 570 401
3 550 440
1 478 319
4 474 388
2 567 432
2 475 435
4 479 382
2 546 445
2 539 449
1 471 318
2 502 444
3 567 410
4 478 383
1 472 317
1 454 396
3 547 439
3 517 306
3 552 442
3 536 312
4 451 408
2 564 431
3 563 338
4 461 350
2 544 450
2 501 442
2 548 446
3 552 377
2 529 453
2 453 420
4 470 435
2 459 430
4 447 416
1 473 319
2 530 454
1 544 312
1 470 317
4 464 332
1 532 317
3 550 443
1 520 308
1 481 313
2 549 445
4 455 392
2 494 445
1 534 310
4 444 419
4 452 399
3 543 315
3 525 457
1 447 412
3 556 332
2 493 445
2 454 423
1 539 312
3 555 330
2 571 423
3 570 418
1 524 312
2 570 423
2 513 452
1 574 348
2 503 441
1 513 306
4 467 434
3 572 344
3 579 353
1 544 311
4 499 307
2 478 438
3 559 325
2 522 458
2 461 431
4 452 398
4 510 450
3 546 447
3 561 370
2 494 446
1 558 323
3 550 438
1 497 308
3 527 455
1 475 318
4 459 395
2 530 455
2 470 436
2 499 447
2 451 420
1 520 307
4 446 412
3 510 304
4 463 354
1 569 342
4 467 329
2 514 450
4 469 318
4 458 402
2 519 449
3 545 312
2 447 419
1 484 311
4 454 410
2 468 435
1 477 318
2 555 436
4 470 377
1 477 317
2 513 453
3 546 448
4 466 330
4 445 412
3 580 353
1 508 303
3 576 351
4 447 415
1 459 389
4 444 412
3 574 417
1 525 316
2 579 354
2 512 454
2 484 441
3 531 453
3 559 326
1 547 321
4 450 411
4 451 399
3 555 389
1 536 311
4 482 387
4 480 384
3 548 380
4 491 442
3 531 451
4 476 386
1 565 344
4 492 309
3 561 335
1 490 313
1 565 343
4 461 356
1 532 316
2 526 456
2 483 440
4 455 426
4 500 306
1 554 322
2 453 421
4 473 328
4 451 407
2 533 450
1 543 313
1 456 390
4 472 372
2 534 451
3 562 341
4 446 415
4 490 385
1 573 349
3 569 430
1 458 389
3 557 331
4 491 309
4 455 425
1 535 311
2 470 437
1 489 314
4 469 368
4 460 350
3 568 416
2 499 448
4 465 355
4 467 369
3 560 325
2 568 431
2 452 422
4 470 321
1 514 306
4 448 406
3 573 347
3 568 413
1 536 310
1 465 331
1 504 305
2 507 446
2 568 432
2 538 445
2 561 438
1 539 311
4 453 410
4 465 374
3 559 324
3 569 416
2 518 453
3 578 352
2 532 450
1 454 395
1 550 324
3 561 336
4 466 329
3 563 435
3 551 440
2 445 420
4 455 393
3 548 439
1 446 411
4 475 326
2 518 454
3 561 340
2 526 457
1 566 344
1 479 315
4 463 360
2 570 424
3 575 348
1 467 328
2 541 446
4 478 381
1 533 318
2 452 423
1 472 316
4 471 322
1 529 309
3 552 444
3 575 417
2 510 451
3 531 452
4 453 409
3 572 400
4 457 402
4 474 343
1 553 321
3 568 426
4 453 396
4 483 312
4 451 422
3 550 375
4 454 425
4 509 450
3 565 385
1 554 321
4 483 441
4 463 365
3 574 347
3 544 315
4 475 375
2 454 426
2 497 448
4 450 408
3 571 402
2 498 447
2 549 446
2 576 353
1 486 316
4 471 371
4 474 375
1 484 310
1 491 308
2 444 420
2 566 432
3 556 369
4 443 420
3 562 335
1 526 316
2 580 354
1 579 352
4 490 309
4 483 311
2 535 441
3 555 366
2 479 439
3 557 332
4 462 360
2 455 427
2 499 449
1 457 392
4 461 432
1 568 346
4 471 372
3 560 391
4 511 453
2 543 450
1 561 334
2 571 424
2 469 433
2 459 431
2 567 433
1 530 310
2 502 445
1 443 419
3 559 323
4 458 430
1 448 405
4 447 405
4 464 348
2 559 438
4 471 316
2 553 433
2 448 419
4 455 391
3 576 417
2 534 452
3 573 346
4 511 454
2 524 458
4 466 328
2 490 433
3 535 451
3 561 391
3 562 365
1 464 331
4 454 393
2 443 421
1 568 345
3 570 399
2 483 442
4 454 424
3 566 361
2 464 432
2 472 436
1 486 315
1 488 313
2 516 452
3 572 424
2 523 458
4 446 414
3 569 431
3 543 317
3 575 406
3 572 419
3 567 361
1 538 314
2 451 423
1 545 311
2 504 441
1 506 305
2 535 452
2 536 437
1 496 307
2 558 437
1 514 305
2 489 437
3 581 353
1 508 302
3 546 450
4 471 373
3 571 401
3 572 414
1 451 398
4 445 411
4 475 386
3 547 382
2 546 451
2 447 420
3 573 414
1 498 309
1 505 308
1 525 315
1 503 308
4 465 357
1 534 309
4 469 317
2 475 436
2 577 354
4 482 441
4 473 327
3 546 312
2 537 444
4 463 331
4 490 308
1 476 318
1 529 308
1 544 310
4 464 374
4 470 371
2 491 443
1 472 315
3 546 313
1 519 310
4 507 303
3 569 413
2 514 451
4 482 440
4 466 358
1 563 337
2 561 439
3 571 399
4 453 395
2 495 448
1 542 312
1 522 311
2 469 434
1 570 343
2 512 455
3 567 358
3 551 375
3 572 422
4 457 389
3 546 311
4 510 454
1 512 305
3 559 397
4 461 352
4 475 370
4 521 457
3 561 364
3 547 311
4 489 308
3 550 384
3 552 445
1 490 307
1 572 343
4 443 412
3 558 363
3 531 454
2 573 418
3 560 333
3 547 451
1 509 302
4 473 343
2 510 455
2 530 456
3 566 385
4 479 384
3 573 422
4 475 339
3 568 358
4 465 329
1 576 350
4 523 456
1 505 307
2 482 442
4 453 424
2 508 441
1 554 320
3 574 422
4 452 410
2 508 442
1 484 309
2 544 451
2 533 451
3 564 337
4 452 396
3 565 362
3 580 352
2 465 433
4 479 314
4 457 401
3 569 429
4 478 314
1 477 316
3 562 387
3 556 392
3 547 450
4 481 442
2 524 459
3 566 362
2 444 421
1 445 410
2 567 434
2 448 420
4 492 444
1 540 313
4 475 376
1 505 306
1 482 315
4 454 392
3 570 416
3 564 338
1 574 346
4 445 414
4 476 344
3 569 426
4 476 341
1 540 312
4 468 359
1 529 307
4 478 439
3 564 435
2 472 437
1 554 319
2 488 435
3 550 381
3 547 313
3 547 376
1 485 313
2 515 453
4 482 312
2 499 450
4 474 379
1 516 305
3 562 436
4 454 427
1 504 304
3 573 345
2 448 421
4 473 337
1 481 312
2 545 451
3 559 363
4 470 322
1 542 311
2 525 458
2 564 436
3 569 358
4 444 418
4 468 317
2 559 439
4 500 305
3 556 366
4 480 313
1 475 317
1 469 316
3 568 359
4 478 384
3 562 438
1 485 312
2 540 446
3 570 430
3 532 453
3 576 407
3 518 306
3 544 317
1 454 391
1 506 304
1 491 307
3 576 405
1 515 305
1 473 318
1 579 351
2 553 434
3 561 374
3 563 335
1 472 314
2 464 433
1 482 311
1 519 309
1 539 310
1 443 411
1 558 322
2 581 354
1 451 397
4 452 424
3 570 356
4 472 336
1 525 314
3 564 335
3 560 390
2 473 434
4 483 347
2 539 450
1 523 310
2 573 423
2 504 442
3 530 307
4 446 405
4 470 373
2 475 437
2 468 436
4 450 423
1 542 310
1 484 308
4 445 415
3 571 356
1 444 411
1 446 404
4 477 384
4 442 419
2 459 432
2 577 355
1 460 349
3 573 344
2 549 447
4 462 331
2 523 459
2 456 428
1 448 404
3 560 397
4 463 332
4 467 335
1 473 317
2 562 439
4 451 424
4 481 342
4 464 355
1 498 308
2 567 435
2 444 422
1 527 313
4 474 386
3 547 448
3 570 429
3 574 408
1 520 306
4 452 395
4 449 423
1 539 309
1 464 330
1 480 312
3 570 358
4 465 328
3 570 342
3 560 324
2 505 442
1 483 310
4 469 321
2 559 440
2 540 447
4 498 450
2 456 429
3 571 429
4 507 302
1 559 322
1 456 389
4 446 416
4 461 353
3 570 413
1 521 311
3 560 371
1 497 307
1 493 307
1 528 317
2 573 424
2 544 452
3 574 344
1 528 316
3 576 348
1 511 302
3 572 356
2 500 444
4 491 444
3 573 403
1 526 315
1 506 303
3 543 318
1 549 319
1 522 310
3 556 398
4 489 385
1 454 390
1 505 305
4 453 392
1 573 343
2 452 425
1 455 390
3 563 439
2 533 452
3 565 335
1 564 334
4 479 313
2 529 454
4 477 439
2 545 452
3 562 340
4 476 439
2 578 354
2 545 453
2 546 452
3 571 413
2 457 425
3 563 340
2 522 459
1 478 313
2 567 436
4 490 444
3 571 342
1 458 388
4 444 410
4 463 374
3 565 337
1 472 313
1 496 306
1 507 301
3 558 396
1 574 343
3 551 443
2 487 436
2 545 454
2 566 433
3 567 385
2 568 433
4 458 432
4 506 301
4 442 412
2 482 443
1 451 396
4 472 343
2 544 453
3 566 337
3 556 389
2 529 455
4 462 332
2 459 433
3 578 355
4 453 426
2 464 434
2 511 455
1 549 318
2 518 455
3 574 345
1 524 311
3 558 373
4 474 376
1 577 351
3 546 454
2 453 427
3 572 413
4 446 417
2 545 455
2 569 432
4 505 301
3 577 405
4 475 344
1 544 309
3 531 307
3 544 383
1 520 305
3 560 322
2 442 420
2 532 454
2 528 453
1 526 314
4 489 307
1 521 310
2 546 455
1 526 313
2 477 440
2 513 454
1 493 306
3 527 457
1 474 317
3 574 409
1 491 306
4 479 312
1 514 304
1 581 352
3 560 326
2 488 436
4 461 351
2 453 428
4 473 386
1 483 309
1 550 323
3 530 308
1 565 334
1 508 301
1 486 314
3 563 365
1 452 394
1 523 309
2 570 431
2 516 453
3 545 310
2 566 434
3 564 365
3 561 397
2 490 445
2 478 440
2 451 425
3 562 437
3 562 391
2 504 443
