10000
512 384
513 384
512 385
513 385
2 513 386
2 513 387
1 512 383
2 512 386
4 511 383
4 510 383
3 514 384
2 510 384
3 514 386
3 515 386
1 510 382
4 509 384
2 514 387
3 511 382
4 511 385
4 511 386
2 511 387
4 510 385
4 509 383
2 511 388
2 515 387
4 509 382
4 508 384
3 514 385
4 509 385
3 516 386
4 510 388
1 510 381
2 508 385
1 511 381
3 517 386
2 514 388
3 515 385
4 508 382
1 512 382
1 512 381
2 514 389
3 516 385
2 513 388
1 508 381
3 515 384
4 513 389
1 512 380
4 507 385
2 517 387
3 516 384
2 515 388
2 514 390
1 510 380
1 508 380
4 508 383
3 513 382
2 513 390
2 513 391
4 507 382
4 507 381
3 517 385
3 513 381
4 512 389
2 515 389
4 510 386
1 514 383
1 507 380
1 511 380
1 507 379
4 512 390
1 515 383
3 514 382
1 512 379
4 506 381
2 508 386
3 515 390
4 505 381
4 507 386
1 512 378
3 518 386
1 518 385
2 506 382
4 507 383
2 518 387
1 507 378
4 506 380
1 512 377
2 505 382
3 514 381
2 516 387
4 506 379
3 519 386
2 508 387
2 512 391
1 512 376
2 509 386
2 514 391
3 515 381
3 519 387
3 516 389
2 505 383
2 511 389
2 516 390
3 520 386
4 506 378
4 506 385
2 520 387
3 517 384
1 508 379
1 515 380
2 512 392
4 505 378
1 519 385
3 513 376
3 517 389
4 504 382
1 510 379
1 514 380
2 516 391
3 516 383
4 507 384
1 511 379
1 508 378
4 511 392
1 518 384
2 518 388
2 507 387
4 504 383
4 506 386
3 519 388
2 511 393
2 515 391
1 506 377
2 506 387
3 516 381
2 513 392
3 520 385
1 517 383
3 519 384
1 508 377
2 511 394
1 515 379
3 517 390
2 514 392
1 513 375
2 515 392
1 512 375
1 511 378
1 517 382
1 520 384
3 513 378
3 516 379
1 518 383
1 512 374
1 520 383
3 518 389
4 503 382
1 510 378
3 521 387
4 506 384
2 505 384
1 505 377
4 505 385
4 503 383
3 514 376
1 505 376
4 510 394
2 518 390
2 514 393
1 519 383
4 511 375
1 520 382
3 515 376
3 522 387
4 504 381
4 511 390
2 505 386
3 521 383
4 509 394
4 505 379
2 511 395
2 507 388
4 505 380
1 519 382
2 513 393
4 510 389
2 515 393
4 508 394
3 517 379
3 516 380
4 503 381
2 513 394
4 504 379
1 518 382
3 514 394
4 510 390
1 506 376
1 512 373
2 505 387
1 519 381
2 506 388
3 516 393
1 506 375
4 505 375
1 505 374
4 511 391
2 509 395
3 517 391
2 505 388
3 522 383
3 517 393
1 519 380
2 506 389
2 520 388
1 512 372
4 504 377
4 502 382
2 508 395
3 515 394
4 504 386
3 513 373
2 520 389
2 519 389
3 519 390
3 521 389
4 504 388
2 504 389
2 511 396
4 510 396
1 508 376
3 512 396
2 516 394
1 517 378
4 503 388
2 503 389
1 520 381
2 504 390
2 514 395
4 504 385
1 516 378
3 518 393
1 508 375
2 509 396
4 504 384
3 521 384
4 503 385
3 518 378
3 514 375
2 522 388
1 510 377
4 510 391
2 508 396
3 515 375
4 502 388
3 521 385
1 504 376
2 509 397
1 515 374
2 505 389
3 519 393
3 522 385
2 508 397
1 514 374
2 519 394
1 519 379
2 504 391
3 523 385
4 504 378
1 514 373
3 515 373
2 503 390
1 511 374
4 504 380
1 517 377
2 523 386
2 510 397
4 503 378
1 503 377
1 523 384
3 515 395
4 507 394
3 523 383
2 523 387
2 519 395
3 518 391
4 504 387
2 517 394
2 514 396
2 511 397
1 519 378
2 510 398
2 518 394
2 508 398
1 506 374
3 511 398
3 524 384
2 523 388
3 525 384
1 519 377
1 504 375
3 512 397
2 511 399
4 503 387
3 520 390
2 512 398
4 503 375
1 523 382
2 522 389
2 505 390
4 503 380
4 507 397
2 510 399
2 519 396
3 520 396
4 503 391
1 520 380
4 504 374
2 514 397
4 502 389
2 522 390
1 525 383
2 519 397
1 518 377
3 516 392
2 523 389
3 526 384
2 523 390
3 516 375
2 525 385
2 504 392
3 527 384
1 509 381
2 503 392
4 502 390
2 515 396
3 524 390
3 520 394
4 502 378
1 526 383
4 501 382
3 524 387
1 509 380
2 521 390
3 524 382
1 511 373
1 506 373
2 508 399
2 501 383
4 506 397
3 520 395
3 525 390
3 513 372
1 516 374
2 501 384
2 501 385
2 510 400
2 520 397
3 524 389
1 515 372
1 516 373
3 521 395
4 502 392
1 517 376
3 521 394
4 502 381
3 526 385
1 516 372
2 527 385
1 516 371
3 527 383
2 512 399
1 519 376
1 514 372
4 502 377
1 523 381
2 505 391
4 502 387
2 509 398
4 507 395
1 519 375
1 526 382
1 508 374
1 503 374
3 517 373
1 511 372
4 510 393
2 502 393
4 501 392
2 519 398
2 507 398
3 520 375
1 501 381
4 503 376
3 528 384
4 501 389
3 521 396
3 517 372
1 524 381
4 515 371
3 521 380
3 521 397
4 501 390
2 507 399
3 526 390
3 518 372
1 519 374
4 500 384
4 500 385
3 525 381
4 500 390
3 519 372
2 501 393
3 529 384
2 502 394
1 525 380
1 507 377
1 526 381
4 502 375
3 527 382
4 509 400
2 509 401
2 516 395
3 517 371
4 510 372
2 506 398
1 507 376
2 515 397
1 528 383
3 529 383
1 522 382
3 522 395
2 506 399
2 512 400
4 507 396
3 518 371
4 500 393
2 519 399
1 526 380
3 521 375
3 520 393
3 527 380
1 525 379
2 529 385
1 513 371
4 499 384
2 516 396
4 499 390
1 503 373
2 506 400
3 522 375
3 520 378
2 502 395
3 526 379
1 517 370
2 503 393
1 518 370
3 524 388
1 521 374
1 526 378
2 502 396
2 516 397
4 501 395
3 519 370
3 523 375
4 505 397
1 527 379
4 498 384
3 522 394
1 514 371
3 527 378
3 524 386
1 501 380
2 528 385
1 506 372
1 507 375
3 519 371
2 503 394
3 524 375
4 503 386
4 505 372
2 518 395
4 501 396
1 513 370
2 509 402
3 520 376
2 518 396
2 504 393
4 498 390
1 520 374
4 499 385
4 501 377
1 508 373
2 512 401
4 500 389
2 527 386
3 530 384
3 528 386
1 499 383
1 528 382
1 501 376
3 520 372
3 521 376
3 525 388
1 501 375
2 512 402
2 519 400
4 501 387
3 523 395
4 505 400
3 522 374
3 529 386
1 514 370
3 531 384
3 528 379
2 512 403
4 512 371
4 499 389
1 499 382
2 527 387
1 516 370
3 520 400
4 498 389
4 504 397
2 500 394
2 521 398
3 527 381
2 502 397
1 505 371
2 503 395
3 522 376
3 529 382
1 515 370
3 519 391
1 506 371
3 528 381
4 502 373
3 527 390
2 528 387
4 497 390
1 530 383
2 505 401
1 505 370
4 505 398
4 500 375
1 510 371
4 504 401
4 499 394
1 529 381
2 515 398
3 530 385
2 512 404
1 518 369
1 517 369
3 528 378
4 508 402
1 508 372
3 526 388
4 501 388
3 528 380
1 509 379
2 503 396
4 498 383
1 499 381
3 520 391
2 528 388
2 520 401
3 529 388
1 520 371
3 521 401
4 507 402
4 516 369
2 528 389
1 530 382
1 497 389
4 499 375
1 501 374
2 515 399
3 513 402
2 512 405
4 501 373
3 522 401
3 518 373
2 527 391
3 521 371
4 504 372
4 515 369
4 500 380
3 523 401
3 521 400
4 498 375
3 519 369
3 530 386
1 514 369
3 530 388
3 529 378
3 524 395
2 511 400
1 521 370
4 502 391
4 500 377
4 496 389
4 498 394
4 496 390
1 520 370
3 514 402
4 505 399
4 499 377
4 503 372
4 500 396
1 509 378
4 503 379
2 504 402
1 504 371
1 524 374
3 525 375
3 523 394
3 524 401
3 522 396
4 503 402
3 531 385
4 504 399
1 501 372
4 497 394
4 501 397
1 502 372
4 511 404
1 517 368
1 524 373
2 529 389
2 506 401
4 495 389
1 529 377
1 519 368
2 495 390
4 511 403
2 524 402
2 514 403
1 525 374
1 521 369
2 505 402
2 522 402
1 528 377
2 499 395
1 497 388
3 515 403
1 514 368
4 499 393
1 523 374
2 521 402
1 498 374
4 500 376
1 503 371
1 504 370
1 514 367
1 503 370
3 520 368
1 524 372
3 523 396
3 522 370
2 527 392
2 526 391
2 519 401
1 521 368
4 502 386
2 499 396
3 531 383
1 527 377
1 501 371
1 528 376
4 502 379
2 514 404
2 516 398
4 504 398
4 500 372
1 501 370
3 529 376
1 515 368
4 500 387
1 499 374
2 519 402
1 522 369
1 508 371
1 515 367
1 512 370
3 525 373
3 530 381
2 509 403
4 498 393
2 509 404
4 499 387
2 520 402
1 503 369
2 520 403
3 531 386
3 526 373
2 497 395
3 532 383
2 503 403
1 495 388
2 515 404
1 508 370
1 505 369
4 503 401
4 499 376
3 525 401
4 496 394
4 501 391
3 525 402
4 497 375
1 506 370
2 510 401
1 525 372
1 512 369
3 527 373
2 518 397
4 502 369
4 500 370
4 502 402
4 497 383
3 530 389
2 506 402
4 500 371
1 502 368
2 526 392
3 532 385
3 522 397
4 500 392
2 526 393
1 506 369
3 531 389
2 517 395
2 501 398
1 510 370
4 501 378
1 503 368
1 525 371
1 504 369
3 523 397
3 526 374
1 502 367
3 522 398
4 500 391
4 501 368
2 499 397
4 498 376
3 524 394
3 523 398
1 507 374
2 524 403
2 503 404
1 498 373
1 526 372
3 527 374
2 521 403
4 499 372
1 513 369
4 499 370
2 509 405
2 529 390
4 499 371
3 530 378
3 529 379
4 497 376
4 499 380
1 529 375
2 495 391
3 532 389
4 496 375
4 498 377
4 499 392
2 518 398
2 511 405
2 532 390
1 495 387
2 513 403
1 522 368
4 500 398
2 518 399
1 498 372
4 500 368
4 508 405
3 528 374
3 516 367
1 525 370
4 503 399
2 504 403
4 501 367
3 526 371
1 512 368
2 525 403
4 497 374
1 529 374
1 509 377
1 527 372
1 518 368
4 498 385
1 517 367
2 518 400
1 511 371
1 532 382
4 497 377
3 529 380
2 508 406
1 496 374
1 516 366
1 514 366
4 497 373
3 526 370
1 523 373
3 526 402
2 530 390
1 524 371
3 527 402
2 495 392
2 497 396
3 533 383
2 516 399
4 502 399
4 499 368
3 531 388
2 527 403
1 531 382
2 527 404
3 528 392
4 498 381
1 500 367
3 529 387
3 528 402
1 497 372
4 501 379
4 497 381
4 507 405
3 528 403
1 501 366
2 520 404
2 513 404
1 520 367
2 505 403
3 524 398
3 530 377
1 520 366
2 520 405
4 494 392
1 503 367
1 495 386
4 502 401
4 494 390
4 495 374
3 524 397
1 526 369
4 499 398
1 505 368
4 496 383
2 525 404
1 512 367
4 494 391
2 513 405
3 520 399
1 498 371
4 498 398
2 510 402
1 498 370
2 533 384
2 531 390
3 525 398
1 529 373
2 501 399
1 524 370
4 500 379
3 533 390
1 529 372
1 513 368
2 508 407
3 529 402
2 525 405
3 530 380
4 501 369
4 496 377
3 531 380
2 507 406
1 500 366
4 500 378
4 495 375
2 501 400
2 507 407
1 532 381
4 498 397
3 526 405
1 497 371
3 509 407
4 498 382
3 534 383
3 527 370
4 497 393
1 534 382
1 525 369
3 527 371
3 534 390
2 495 393
3 532 386
4 496 395
1 498 369
4 502 404
1 495 373
3 525 394
3 528 370
1 516 365
3 521 367
3 523 368
1 496 373
2 522 403
3 526 401
3 533 389
1 515 366
1 517 366
4 498 380
4 497 380
2 522 404
3 517 365
1 514 365
4 506 406
2 530 391
2 494 393
4 498 368
4 497 384
1 528 369
4 493 392
3 533 385
3 529 392
3 528 371
3 530 387
2 521 404
1 509 376
1 527 369
3 535 383
4 495 394
1 510 369
1 497 370
4 505 406
1 529 371
2 523 402
2 529 403
1 506 368
2 524 404
2 528 404
4 500 399
1 519 367
1 493 391
2 496 396
2 505 407
2 495 395
1 532 380
4 501 402
3 522 400
1 496 372
3 535 390
2 494 394
4 493 390
4 492 392
4 494 386
4 506 405
1 499 367
4 491 392
1 511 370
1 493 389
4 498 367
3 532 388
4 494 388
2 491 393
1 508 369
3 530 392
2 492 393
2 510 403
4 499 379
1 507 373
4 495 383
4 497 367
2 496 397
2 515 405
4 494 383
1 503 366
4 495 397
2 535 391
3 530 403
4 495 396
2 527 405
4 493 383
1 525 368
3 523 400
1 532 379
3 534 384
2 513 406
4 494 373
2 513 407
1 492 391
1 510 368
2 524 405
1 507 372
3 531 392
3 524 400
4 496 371
3 524 396
2 497 397
1 528 368
2 511 406
1 533 382
4 494 395
3 534 389
3 536 383
2 536 384
4 494 374
2 527 406
4 501 401
4 493 388
1 536 382
3 530 402
3 521 399
4 495 371
3 531 377
1 517 364
1 530 376
1 507 371
3 521 366
3 529 369
1 509 375
1 513 367
2 532 391
3 531 376
3 537 384
1 511 369
2 533 391
1 515 365
2 537 385
4 504 406
1 524 369
2 510 404
2 519 403
3 533 388
4 492 389
1 516 364
2 503 405
4 515 364
1 513 366
2 511 407
3 531 378
3 533 386
2 511 408
1 502 366
4 497 369
3 512 408
3 530 373
3 532 378
4 493 374
3 522 399
3 530 374
2 504 407
3 528 405
3 536 390
4 499 366
4 510 408
4 502 403
2 516 400
3 537 382
4 494 396
4 513 365
3 531 374
1 499 365
1 499 364
2 500 400
1 533 381
1 521 365
1 504 368
2 510 409
1 503 365
3 511 409
3 537 383
3 529 368
3 512 409
2 517 396
2 523 403
4 497 368
1 524 368
3 532 392
4 493 396
2 510 410
4 496 368
4 492 374
3 522 367
4 497 382
2 493 397
2 496 398
3 525 397
2 522 405
2 493 398
3 534 388
2 506 407
3 511 410
4 503 407
1 530 372
3 531 373
3 530 369
4 496 384
1 496 367
4 501 404
1 523 367
3 531 387
1 495 370
4 501 403
2 492 394
2 502 405
2 507 408
1 497 366
1 537 381
2 519 404
3 529 370
3 527 401
1 521 364
2 514 405
4 491 394
3 525 395
2 504 408
4 492 396
4 496 369
1 525 367
4 492 388
4 491 396
4 493 395
2 518 401
2 494 397
3 533 380
1 526 368
3 523 399
4 496 376
2 506 408
2 499 399
4 490 393
1 503 364
4 491 389
3 530 368
2 507 409
2 510 411
4 499 378
3 522 364
2 527 407
2 492 397
4 494 370
3 536 391
4 490 396
4 495 368
3 534 380
1 506 367
1 511 368
4 495 376
4 500 402
2 501 405
4 499 402
2 522 406
4 498 402
1 500 365
1 502 365
1 529 367
1 525 366
2 524 406
1 525 365
1 521 363
2 508 408
3 530 367
3 526 366
1 500 364
3 524 399
2 517 397
3 533 379
2 518 402
3 511 411
4 495 369
2 493 399
3 532 387
1 499 363
4 496 381
3 531 402
3 538 381
2 495 398
2 525 406
1 532 377
2 494 398
2 528 406
1 528 367
2 531 403
4 497 385
3 534 386
2 511 412
1 496 366
4 491 391
1 505 367
2 511 413
1 520 365
2 491 397
4 496 380
4 494 387
1 511 367
2 521 405
1 514 364
1 490 392
2 520 406
3 522 363
1 527 368
2 516 401
3 525 400
4 490 397
4 495 380
1 514 363
4 493 387
2 491 398
3 525 396
4 489 392
3 532 373
1 509 374
3 537 390
4 499 400
2 503 408
3 535 388
4 493 373
3 539 381
4 492 383
4 498 363
3 538 385
3 535 389
4 494 371
4 491 374
4 495 384
1 523 366
4 494 384
2 520 407
4 493 386
4 502 408
3 528 407
3 532 402
1 537 380
3 526 396
3 513 408
2 517 398
1 525 364
2 531 404
4 491 388
2 528 408
3 527 366
1 492 373
3 540 381
3 541 381
2 522 407
3 533 377
4 492 386
1 492 372
3 512 410
1 503 363
1 512 366
4 492 390
3 527 396
4 503 406
1 496 365
2 523 404
3 529 406
3 535 386
2 521 406
3 538 382
2 499 403
3 528 366
2 535 392
4 495 381
3 525 399
1 536 381
2 490 398
4 500 405
1 520 364
3 538 380
2 493 400
2 492 398
4 491 373
3 513 409
2 492 399
2 522 408
3 523 363
3 531 372
1 524 367
4 493 384
4 491 372
3 526 364
1 492 371
4 510 413
2 522 409
2 515 406
4 500 401
4 490 388
4 506 409
1 533 376
1 534 379
1 501 365
3 535 379
2 521 407
4 492 387
1 540 380
3 536 386
3 526 365
2 494 399
2 507 410
2 530 404
1 539 380
2 536 392
2 505 408
4 491 386
1 524 366
3 526 394
2 492 400
2 507 411
2 493 401
4 510 412
4 494 368
4 506 411
1 492 370
2 524 407
4 491 370
3 532 403
4 490 394
1 536 380
2 490 399
3 528 396
3 534 377
4 491 400
2 505 409
1 493 372
2 528 409
4 498 378
3 532 404
2 531 405
1 513 364
1 539 379
1 519 366
2 507 412
3 530 406
1 500 363
3 539 382
3 536 388
4 489 393
3 538 390
1 497 365
4 493 368
2 500 406
1 505 366
3 527 364
2 529 407
4 491 371
2 489 394
4 491 390
2 524 408
2 494 400
1 540 379
1 524 365
4 494 380
2 500 407
4 490 390
4 497 378
2 524 409
2 495 399
2 529 408
1 507 370
3 527 393
4 493 380
2 507 413
3 534 376
1 506 366
1 506 365
2 537 391
4 490 374
3 528 401
2 520 408
4 500 404
1 497 364
3 530 371
2 491 401
4 489 390
3 526 398
2 494 401
2 529 409
4 490 372
1 533 375
3 532 374
4 506 410
3 533 387
4 498 379
4 490 391
1 521 362
3 537 386
1 506 364
1 528 365
2 522 410
3 538 386
2 520 409
2 508 409
3 535 376
1 541 380
2 532 405
1 509 373
3 540 382
1 528 364
1 498 362
2 525 407
1 533 374
4 490 373
1 491 369
1 536 379
3 531 368
2 495 400
3 533 378
4 495 377
1 498 361
4 495 367
2 530 407
3 538 384
2 521 408
3 512 413
3 541 382
2 530 408
4 489 397
4 498 403
4 494 367
2 522 411
3 524 363
1 519 365
1 493 367
4 497 379
2 535 393
2 524 410
1 529 366
4 506 413
2 515 407
2 507 414
2 504 409
3 536 389
4 496 379
2 501 406
1 493 366
2 495 401
3 526 400
1 537 379
3 536 393
1 528 363
4 490 370
3 529 363
4 489 396
4 506 412
1 514 362
1 497 363
2 512 414
2 495 402
3 534 375
3 535 377
2 513 410
1 506 363
4 503 409
2 538 391
3 530 366
3 531 406
1 495 366
2 531 407
1 498 360
1 493 365
4 501 408
1 524 362
3 531 369
2 496 399
4 496 382
2 525 408
2 526 406
4 490 401
4 491 383
3 525 362
4 495 382
3 534 378
4 496 385
4 488 390
1 502 364
1 539 378
4 497 360
2 496 400
2 527 408
4 489 391
2 517 399
4 489 388
1 501 364
3 526 399
1 488 389
1 533 373
2 520 410
1 518 367
1 535 375
4 492 368
1 516 363
4 488 397
3 530 370
3 527 399
1 491 368
4 489 370
3 532 369
1 507 369
2 532 406
1 506 362
1 513 363
4 499 405
1 534 374
1 521 361
3 512 412
3 526 362
3 532 368
3 523 411
3 537 393
1 512 365
1 499 362
1 521 360
2 496 401
4 488 393
3 531 366
3 531 370
2 493 402
3 539 384
1 536 378
1 541 379
4 497 362
4 488 394
1 509 372
1 518 366
3 527 400
3 536 376
3 525 410
3 522 361
3 513 412
1 532 367
3 537 392
4 492 402
3 532 372
2 503 410
2 526 407
4 496 378
3 537 389
4 495 379
1 504 367
4 492 384
3 533 369
2 506 414
2 523 412
4 492 366
2 501 409
2 532 407
3 531 371
1 512 364
3 528 399
2 503 411
4 499 404
4 488 396
4 491 384
3 526 397
1 522 360
1 540 378
2 514 406
1 490 369
1 517 363
1 491 367
3 534 369
4 497 403
1 515 363
1 491 366
4 488 370
3 538 389
3 523 361
1 508 368
3 527 398
4 495 378
3 542 381
2 540 383
2 493 403
1 517 362
2 524 411
1 532 366
2 501 410
2 507 415
2 528 410
1 533 368
1 540 377
4 496 364
3 534 387
1 506 361
1 516 362
3 535 387
1 536 375
3 536 387
2 511 414
2 533 392
4 496 362
2 540 384
4 491 387
2 529 410
2 525 411
1 494 366
2 521 409
2 537 394
4 487 397
1 541 378
4 492 403
2 514 407
2 504 410
3 539 389
2 541 383
3 537 387
2 507 416
4 494 376
3 540 389
4 499 407
2 527 409
4 506 415
3 535 369
1 492 365
3 533 402
4 492 395
1 512 363
2 514 408
2 511 415
3 541 377
2 524 412
4 498 407
2 522 412
4 506 416
4 487 389
1 525 361
4 487 370
3 512 415
4 494 375
4 495 364
2 540 390
3 542 382
1 537 378
2 522 413
1 529 362
3 533 406
2 526 408
3 523 413
3 533 366
2 539 390
4 487 394
1 532 365
1 516 361
1 512 362
2 534 391
3 533 403
3 534 402
1 542 380
2 491 402
4 486 394
3 543 380
2 533 407
3 526 361
1 518 365
1 505 365
1 529 361
1 538 379
3 529 399
2 494 402
3 531 408
3 530 410
3 532 408
4 489 401
4 499 406
2 532 409
4 498 406
4 489 372
4 490 368
3 544 380
1 535 368
4 490 386
2 512 416
1 538 378
4 491 403
2 517 400
4 505 412
4 491 365
4 486 397
3 534 407
4 488 391
3 530 363
3 537 375
4 494 364
3 537 376
3 539 385
1 515 362
1 520 363
4 490 383
2 524 413
3 538 394
4 502 411
1 502 363
1 510 367
1 495 363
3 530 399
2 498 408
3 536 368
1 500 362
3 526 395
4 492 380
4 494 378
1 525 360
2 537 395
4 490 387
2 541 384
1 520 362
2 499 408
1 519 364
3 541 390
3 542 378
3 538 387
2 496 402
4 505 415
1 523 360
1 493 364
2 509 408
4 497 361
2 534 408
4 493 375
1 543 379
3 541 389
1 539 377
3 542 384
2 533 408
4 487 390
1 490 367
1 515 361
3 539 387
4 488 372
4 491 395
3 533 365
2 516 402
1 488 369
4 495 362
3 535 407
4 486 389
3 537 368
4 494 382
3 533 404
1 508 367
2 519 405
4 490 371
4 498 405
2 527 410
2 500 408
1 526 360
3 536 369
3 533 409
1 512 361
2 498 409
4 505 416
1 515 360
1 517 361
2 539 391
1 493 363
4 501 411
3 537 388
3 534 365
4 493 378
2 491 404
2 539 392
1 523 359
3 535 408
3 524 359
2 495 403
1 503 362
1 492 364
3 543 384
1 529 360
2 514 409
3 544 384
3 533 405
1 539 376
3 526 411
1 527 363
4 487 396
4 488 392
3 529 401
1 519 363
2 488 398
2 506 417
4 492 375
4 491 380
3 535 365
3 535 402
1 535 364
4 490 402
1 510 366
3 534 409
4 485 397
3 530 362
3 542 389
4 494 381
4 490 365
3 538 375
1 534 364
3 543 381
4 489 367
3 537 369
4 495 385
3 542 383
2 496 403
1 498 359
3 533 367
1 527 362
1 535 363
2 490 403
4 505 417
2 495 404
4 490 366
3 543 378
4 497 407
4 490 395
4 489 366
4 488 367
3 539 394
1 506 360
2 495 405
4 494 362
1 542 377
2 532 410
3 540 387
2 516 403
3 536 408
2 529 411
2 499 409
3 542 390
2 496 404
1 490 364
1 528 362
2 543 385
3 534 405
1 540 376
4 496 360
2 535 409
2 505 418
4 489 371
1 504 366
3 538 369
3 530 360
4 500 411
2 536 409
2 529 412
4 487 392
2 494 403
3 534 404
4 497 359
1 509 371
3 531 362
1 503 361
3 532 371
2 490 404
2 502 412
4 493 376
2 534 410
1 540 375
4 490 384
1 532 364
4 490 380
1 536 367
3 543 383
1 510 365
4 488 366
4 487 367
4 490 400
4 489 365
4 493 381
2 532 411
4 489 364
3 536 364
1 487 366
4 486 367
3 537 364
3 530 412
4 489 404
2 512 417
4 489 387
3 506 418
1 520 361
1 516 360
2 513 413
3 536 365
3 535 405
2 544 385
3 538 388
3 541 375
2 544 386
1 537 363
3 544 381
4 496 361
4 493 382
3 538 363
1 492 363
3 538 395
3 544 383
4 494 405
2 502 413
3 532 370
1 538 362
1 501 363
1 490 363
4 497 408
3 538 368
3 536 402
1 523 358
2 497 409
3 537 409
3 541 376
2 499 410
2 500 412
2 506 419
4 488 364
1 513 362
2 541 391
3 533 371
4 522 358
3 513 417
1 513 361
2 509 409
3 537 408
2 524 414
4 489 380
1 506 359
2 531 409
4 497 406
3 539 395
2 492 404
2 542 391
1 502 362
4 491 375
4 487 364
2 486 398
1 494 361
2 543 386
1 513 360
1 509 370
4 494 379
4 496 407
3 542 376
1 536 363
1 520 360
4 493 361
3 538 364
1 535 362
4 496 408
4 492 376
3 545 381
4 504 418
4 486 396
4 486 390
2 543 387
4 492 381
1 513 359
2 506 420
3 539 388
4 487 369
2 513 418
1 540 374
2 535 410
2 524 415
1 511 366
3 533 372
2 493 404
2 523 414
2 524 416
3 531 412
4 493 362
4 489 403
4 485 390
4 485 389
2 526 412
2 522 414
4 488 403
3 540 388
1 535 361
4 485 367
3 507 420
1 512 360
4 521 358
3 533 411
4 496 359
2 503 412
2 522 415
3 543 382
1 508 366
3 536 410
4 485 394
4 491 381
1 486 366
2 518 403
1 518 364
4 489 395
4 504 416
1 492 362
1 500 361
4 492 361
3 539 369
2 532 412
2 500 413
2 493 405
3 543 391
2 543 392
2 529 413
2 531 413
3 534 372
1 522 357
3 539 368
2 534 411
3 539 362
3 536 361
1 487 363
4 499 411
2 537 410
3 537 402
3 544 387
4 486 364
4 491 376
2 488 404
2 540 391
3 536 405
4 492 382
1 503 360
1 500 360
1 530 359
4 484 390
4 489 400
3 525 416
3 544 378
4 488 395
4 488 401
1 517 360
3 544 382
3 525 414
2 536 411
2 486 399
3 540 362
2 532 413
1 490 362
1 516 359
2 519 406
3 544 392
4 485 396
2 509 410
3 544 391
3 514 418
1 496 358
4 488 365
3 525 415
4 484 397
4 505 420
4 491 382
3 540 368
4 488 380
2 488 405
1 489 363
4 488 400
4 490 375
2 523 415
3 543 376
2 501 412
2 517 401
3 537 411
4 489 375
1 543 375
3 528 398
4 499 413
2 488 406
3 541 368
2 500 414
3 545 387
3 538 393
4 488 375
3 533 412
3 526 416
3 541 362
4 486 392
1 527 361
2 517 402
1 487 362
1 517 359
4 486 362
3 545 382
3 535 404
2 506 421
4 498 413
1 531 361
1 529 359
1 487 361
4 504 420
2 485 398
2 516 404
2 501 413
4 496 409
1 542 375
4 494 377
2 540 392
4 490 376
1 524 358
2 536 412
1 484 389
2 544 393
4 505 421
1 540 361
4 484 398
3 528 400
4 503 416
4 483 389
4 521 357
3 534 373
1 484 388
3 515 418
4 498 410
1 535 360
1 515 359
1 518 363
3 543 389
4 505 419
3 541 361
2 510 414
4 502 416
1 543 374
1 536 360
2 491 405
1 517 358
2 545 388
2 512 418
3 543 377
1 540 360
4 495 358
4 487 372
3 538 408
1 522 356
2 508 410
2 484 399
4 483 399
2 545 389
4 485 364
4 499 414
2 537 412
1 530 358
1 500 359
2 541 392
1 531 360
3 545 385
1 492 360
1 485 363
4 490 381
3 516 418
4 495 407
3 542 362
3 543 362
2 509 411
1 531 359
1 542 361
2 484 400
2 537 413
4 483 390
4 495 408
3 529 400
2 522 416
1 500 358
1 490 361
4 487 395
4 497 410
2 495 409
3 545 391
3 544 379
3 534 403
1 492 359
2 521 410
4 483 388
1 502 361
3 507 421
2 505 422
3 535 403
3 506 422
2 497 411
4 487 401
3 531 399
4 497 413
4 503 418
1 518 362
4 496 411
2 486 400
2 493 406
4 487 393
2 521 411
1 516 358
2 505 423
1 520 359
3 508 421
1 515 358
2 538 409
1 517 357
1 534 363
4 491 359
3 540 394
3 545 392
2 492 405
2 485 399
2 506 423
2 488 407
2 540 395
4 489 376
2 514 419
4 489 368
1 506 358
1 542 360
4 487 391
4 483 398
2 506 424
4 504 419
1 488 363
1 543 361
1 526 359
4 490 359
4 486 372
1 513 358
2 540 396
2 518 404
1 493 360
4 482 399
4 490 382
3 539 408
3 540 408
2 484 401
3 538 413
3 529 398
3 546 391
4 484 364
2 501 414
3 509 421
3 527 397
4 487 407
1 497 358
4 488 376
1 525 359
4 488 387
4 485 362
2 540 409
1 546 390
3 544 377
2 542 392
2 494 406
2 517 403
4 504 423
3 533 370
4 481 399
1 523 357
1 534 362
3 532 399
2 498 414
4 497 414
1 491 358
1 541 360
3 545 378
1 524 357
2 490 405
4 487 404
1 511 365
4 484 362
4 482 388
1 533 364
3 544 361
1 494 360
4 489 386
4 489 383
3 507 422
4 489 384
2 515 419
2 487 408
1 537 362
3 545 379
4 488 371
2 496 412
2 492 406
3 531 358
1 501 362
1 503 359
3 546 378
3 547 391
2 521 412
4 504 422
4 489 382
3 544 375
4 489 359
1 489 358
1 547 390
3 546 385
4 486 404
2 490 406
4 484 394
2 508 422
2 530 413
1 539 361
1 533 363
3 534 366
3 543 360
3 508 420
4 486 408
3 545 377
3 535 372
1 515 357
3 545 393
1 538 361
3 547 378
2 484 402
1 515 356
1 546 377
4 487 376
3 516 419
4 495 412
1 506 357
2 531 414
1 537 361
4 483 364
3 536 404
2 497 415
3 544 360
2 532 414
1 482 387
1 488 362
4 494 409
2 481 400
3 533 399
2 519 407
2 496 413
1 494 359
1 492 358
4 488 384
2 486 409
3 535 373
3 530 400
2 542 393
1 545 376
2 511 416
3 530 401
1 530 357
2 533 413
2 520 411
2 525 417
1 497 357
1 506 356
3 545 384
3 546 388
1 543 359
2 518 405
2 498 415
3 539 413
2 499 415
4 486 407
4 485 404
3 531 400
4 480 400
3 537 404
2 519 408
1 527 360
1 547 377
2 543 393
3 534 370
3 537 365
3 510 421
1 490 358
1 497 356
3 526 415
3 545 380
4 487 403
4 486 395
1 503 358
1 485 361
3 538 412
1 488 361
4 492 378
1 513 357
4 484 396
4 487 371
2 483 400
1 528 361
4 488 382
3 535 370
3 539 412
4 482 398
2 492 407
1 544 359
1 501 361
1 536 359
1 481 398
4 483 397
3 541 395
1 530 356
3 548 391
4 503 422
2 485 405
1 507 368
1 542 359
1 483 363
3 517 419
2 513 419
4 487 365
4 482 364
4 484 405
3 546 376
3 532 400
2 500 415
2 508 423
3 536 370
3 546 382
4 489 381
4 486 370
4 486 393
2 541 396
2 526 417
3 542 395
4 486 369
4 483 402
1 530 355
4 483 396
4 484 367
4 491 378
4 502 418
2 512 419
4 485 395
4 486 391
2 488 408
1 529 358
1 486 361
1 528 360
3 547 385
3 546 389
4 484 395
4 485 391
2 535 411
3 534 399
3 546 381
4 488 359
2 540 410
1 510 364
3 509 420
2 530 414
2 545 394
3 548 377
4 496 415
4 504 417
3 534 406
4 482 397
3 538 404
2 539 414
2 534 412
3 535 366
1 501 360
4 483 394
3 545 383
4 488 368
2 492 408
1 548 376
3 544 362
4 487 406
3 527 416
1 542 358
3 540 413
4 491 360
3 542 396
4 485 393
3 538 402
2 544 394
2 542 397
2 528 411
4 503 419
4 486 406
1 484 361
1 510 363
2 484 406
3 528 416
4 483 362
2 513 420
3 509 423
4 495 411
4 480 398
4 483 361
2 485 406
3 546 393
1 492 357
3 543 397
4 485 407
3 530 398
1 497 355
2 544 395
3 544 397
3 546 387
3 539 364
2 506 425
2 506 426
1 512 359
1 502 360
1 518 361
2 542 398
1 539 360
3 531 355
3 545 360
4 490 378
3 542 368
2 536 413
1 537 360
1 537 359
2 509 424
1 542 357
1 520 358
4 483 401
1 501 359
3 529 416
3 547 388
4 484 404
2 486 410
3 540 364
3 545 397
3 547 382
2 488 409
3 546 380
4 482 389
4 485 366
3 538 365
2 526 418
3 540 414
2 524 417
2 530 415
2 492 409
2 494 410
3 548 385
1 509 369
2 525 418
1 539 359
2 532 415
2 532 416
1 523 356
1 534 361
1 505 364
2 515 420
1 487 360
4 502 422
4 489 374
3 535 399
1 539 358
2 540 415
4 483 404
2 516 420
3 549 385
3 536 366
1 536 358
1 492 356
3 549 377
2 543 398
4 505 424
3 548 390
2 525 419
4 482 396
1 537 358
3 541 415
4 481 396
3 545 395
2 497 416
1 480 397
3 538 411
3 546 394
3 532 355
1 493 359
2 514 420
1 524 356
4 495 413
2 540 416
3 543 368
3 545 361
2 509 425
4 484 391
4 485 410
1 513 356
2 497 417
2 497 418
2 543 399
3 527 418
1 512 358
1 532 354
1 522 355
4 483 391
2 534 413
3 541 408
1 513 355
1 530 354
3 539 363
1 544 358
1 538 360
4 484 366
4 483 405
1 530 353
3 531 401
2 520 412
2 513 421
1 547 376
1 483 360
1 530 352
1 498 358
2 499 416
3 546 360
2 519 409
3 544 368
2 536 414
2 483 406
4 488 374
3 547 389
2 491 406
2 530 416
3 540 363
3 537 370
1 534 360
2 482 400
3 507 426
2 484 407
3 531 356
3 547 387
2 491 407
2 547 392
3 545 362
4 496 417
2 514 421
4 482 363
2 504 424
1 544 357
4 529 354
3 549 391
1 520 357
3 527 417
2 503 423
1 549 376
2 526 419
1 528 359
2 543 400
1 490 357
4 487 382
2 549 392
4 484 393
2 514 422
3 548 388
1 522 354
4 482 406
3 540 412
1 515 355
4 482 390
2 520 413
1 487 359
4 488 358
2 511 417
4 493 379
4 482 361
1 516 357
1 549 375
3 531 352
2 505 425
2 533 414
1 507 367
3 533 354
2 537 414
1 503 357
3 543 396
2 537 415
2 513 422
3 532 356
2 549 393
2 487 409
2 518 406
2 493 407
1 537 357
4 487 375
3 542 415
4 485 370
3 546 362
1 544 356
1 499 361
1 497 354
1 529 353
1 504 365
1 498 357
1 495 357
4 486 371
2 542 416
4 502 419
3 528 417
1 517 356
1 496 357
2 497 419
3 549 388
3 539 404
2 489 405
4 486 382
2 502 423
1 539 357
4 485 408
2 540 417
4 486 359
1 487 358
2 545 398
1 528 358
1 500 357
2 482 407
4 494 411
3 550 391
1 549 374
2 546 395
2 512 420
2 532 417
2 542 417
1 498 356
4 496 414
4 479 400
2 502 424
4 480 396
4 483 366
2 519 410
2 516 421
3 549 390
4 482 404
1 502 359
4 482 402
4 495 415
1 545 359
4 481 364
2 500 416
1 494 358
1 495 356
4 480 364
1 545 358
2 499 417
2 520 414
3 544 396
3 539 411
1 511 364
4 494 412
4 482 394
2 533 415
4 481 407
4 480 399
1 521 356
3 541 412
2 517 420
3 548 389
2 540 418
3 541 364
2 525 420
3 550 385
3 546 398
1 496 356
3 547 395
2 479 401
1 532 353
2 492 410
2 503 424
1 548 375
2 505 426
3 545 386
4 504 421
3 541 409
1 546 359
3 550 388
1 538 359
3 544 400
3 536 373
3 532 352
2 484 408
1 533 353
4 485 409
4 483 395
4 486 358
1 517 355
2 490 407
4 496 354
2 499 418
3 550 377
1 531 351
1 543 358
3 551 388
2 512 421
2 524 418
4 503 420
1 486 357
1 485 360
1 492 355
3 550 392
4 494 385
1 496 353
2 498 416
4 487 384
1 549 373
4 491 355
3 533 355
1 493 358
3 539 402
4 482 362
4 485 369
2 514 423
1 521 355
2 490 408
2 499 419
1 479 399
2 551 389
3 540 404
2 536 415
1 551 387
4 484 370
3 540 402
3 547 362
3 548 362
2 487 410
1 492 354
3 545 400
4 485 358
2 516 422
4 478 399
2 522 417
1 542 356
3 545 368
1 523 355
1 493 357
2 517 421
4 495 353
2 490 409
4 485 357
3 550 393
3 551 392
1 482 360
1 496 352
1 512 357
3 534 371
3 546 397
3 545 396
3 550 376
2 529 417
1 539 356
3 547 380
3 545 356
4 481 394
3 508 426
3 515 423
1 478 398
3 550 375
4 479 396
2 489 406
3 551 376
1 538 358
3 546 383
1 500 356
4 504 426
4 495 352
1 485 356
2 547 396
4 502 420
1 549 372
1 512 356
3 546 361
1 524 355
1 483 359
2 479 402
3 543 415
1 502 358
3 546 356
1 544 355
2 512 422
2 509 426
1 486 356
4 485 392
3 551 377
1 545 355
3 546 368
4 483 370
1 541 359
3 537 367
2 545 401
3 536 403
4 501 424
3 537 366
2 517 422
3 546 401
3 544 415
2 515 424
4 496 418
2 530 417
1 501 358
2 484 409
1 545 354
3 534 353
1 501 357
3 540 369
1 513 354
4 483 408
4 482 370
1 519 362
1 532 351
2 512 423
3 547 359
4 486 403
2 480 401
3 543 417
2 479 403
3 537 403
3 538 367
4 500 424
2 478 400
2 491 408
3 546 386
3 542 409
3 535 406
3 546 354
1 504 364
3 527 419
3 546 379
1 533 352
2 511 418
3 552 376
2 504 427
4 482 405
3 548 396
2 506 427
4 504 425
2 492 411
4 503 425
2 495 416
3 518 421
1 518 360
1 527 359
4 487 374
2 482 408
3 548 378
1 519 361
2 535 412
2 496 419
1 506 355
2 535 413
1 490 356
1 521 354
1 522 353
3 547 397
3 547 368
1 526 358
4 492 379
2 524 419
3 545 357
2 522 418
4 485 382
3 552 387
4 494 353
2 547 398
2 526 420
3 535 353
1 520 356
2 478 401
1 485 355
1 526 357
4 488 386
4 485 371
2 531 415
4 489 373
2 549 394
3 548 382
2 549 395
3 536 353
1 481 363
1 544 354
4 494 416
4 481 389
3 534 352
2 550 394
4 493 385
1 524 354
3 527 420
2 503 426
4 478 403
2 497 420
3 550 395
2 488 410
3 538 366
1 533 351
1 533 350
4 491 379
1 552 375
1 484 360
1 529 352
2 484 410
4 478 402
4 487 386
2 532 418
3 541 410
3 551 391
1 500 355
1 545 353
3 541 404
1 481 362
2 508 427
4 484 392
2 535 414
2 524 420
3 547 356
4 493 377
1 502 357
3 547 360
2 500 425
4 481 370
4 486 365
1 481 361
4 477 401
4 494 352
1 527 358
2 493 408
2 542 418
2 529 418
4 481 404
4 501 423
2 511 419
4 495 417
1 523 354
4 481 408
2 547 399
1 503 356
1 513 353
4 495 419
4 496 420
3 547 381
1 522 352
1 503 355
4 477 403
4 481 388
1 539 355
1 540 359
1 496 351
2 506 428
2 549 396
3 507 428
4 491 354
1 490 355
1 539 354
2 479 404
1 504 363
4 482 359
2 481 409
2 503 427
1 538 357
4 499 424
2 523 416
3 548 398
1 512 355
4 493 412
1 487 357
4 480 407
1 522 351
4 480 389
1 546 353
1 498 355
2 496 421
2 500 426
1 523 353
1 481 360
1 538 356
4 488 381
3 537 405
1 495 351
1 529 351
4 484 382
2 491 409
3 553 375
1 551 375
2 490 410
4 481 387
4 480 362
3 550 372
1 514 361
1 480 361
2 529 419
3 552 377
2 552 388
3 541 369
3 544 417
2 540 419
4 490 379
4 482 391
4 532 350
3 508 428
3 539 366
3 538 403
2 509 427
1 491 353
1 539 353
3 553 376
1 505 363
3 539 367
4 478 396
2 519 411
4 483 393
3 542 404
2 547 400
4 485 372
3 548 399
4 482 366
3 551 385
1 511 363
1 491 352
4 486 386
3 543 418
3 541 414
2 537 416
2 527 421
1 479 395
1 513 352
2 478 404
1 528 357
1 535 352
1 525 358
4 490 353
3 542 364
2 495 420
3 540 411
4 494 413
3 547 354
1 488 357
4 485 365
1 488 356
4 499 425
4 489 379
4 484 372
4 502 427
4 484 357
4 490 354
4 476 401
3 547 361
1 551 374
4 480 409
1 531 350
3 554 376
3 545 417
4 492 385
3 542 414
2 554 377
4 476 403
3 539 365
3 545 415
2 521 413
3 543 414
1 522 350
1 550 371
4 501 427
2 539 415
2 513 423
2 481 410
2 523 417
3 547 386
1 499 360
3 548 359
2 546 402
3 555 376
1 526 356
4 475 401
4 493 413
2 515 425
3 536 407
3 536 352
4 480 387
1 535 351
2 548 400
3 553 388
1 520 355
4 474 401
2 518 422
1 544 353
3 551 395
4 489 354
2 502 428
2 548 401
2 519 412
3 549 362
2 525 421
2 498 417
1 544 352
2 501 428
2 513 424
3 540 366
1 534 351
2 546 403
4 492 413
4 480 363
3 548 380
4 484 371
2 521 414
3 540 367
1 503 354
3 548 356
2 485 411
4 481 391
1 512 354
2 527 422
4 481 359
3 546 355
4 488 379
4 491 413
4 487 368
1 518 359
4 490 352
2 504 428
1 550 370
4 484 356
3 543 404
1 549 361
3 551 393
2 542 419
2 538 414
1 477 400
2 531 416
2 496 422
3 546 357
3 546 415
1 549 360
4 473 401
4 485 386
4 488 373
3 516 423
4 477 404
1 540 358
3 528 420
1 538 355
3 554 375
2 501 429
2 479 405
2 537 417
1 480 360
2 496 423
2 492 414
2 546 416
4 478 395
1 486 355
3 552 392
4 479 363
3 547 402
4 475 403
1 508 365
1 507 366
4 500 428
3 549 399
2 500 429
2 531 417
4 483 372
2 493 414
2 552 393
1 500 354
1 536 351
1 522 349
1 475 400
1 496 350
3 549 401
2 496 424
4 479 389
1 525 357
4 484 369
3 549 382
1 552 374
1 484 355
2 508 429
1 478 394
2 504 429
1 517 354
1 509 368
3 546 417
2 477 405
4 484 386
2 534 414
1 486 354
4 476 404
2 526 421
1 492 353
1 478 393
2 497 421
3 550 396
3 549 398
1 512 353
3 548 386
2 542 420
1 541 358
2 520 415
1 544 351
2 551 396
4 479 409
3 543 419
4 500 427
1 499 359
3 510 426
1 546 352
1 478 392
4 499 426
4 495 423
4 479 407
4 483 386
4 478 409
4 480 391
4 486 384
3 552 385
4 474 400
2 481 411
2 517 423
1 501 356
4 486 376
3 542 412
2 517 424
3 547 352
4 479 364
1 474 399
4 483 369
2 519 413
3 556 376
4 489 353
4 482 386
3 542 410
4 477 402
3 553 385
4 480 411
2 550 397
4 479 362
1 534 350
2 541 416
4 479 387
3 547 416
1 550 369
4 472 401
1 475 399
3 547 417
1 506 354
2 492 415
2 507 429
4 483 355
4 480 408
3 535 350
4 483 367
2 523 418
4 480 359
4 492 412
3 551 372
1 518 358
1 539 352
4 479 408
4 476 402
4 473 400
4 480 388
2 490 411
4 491 415
3 544 414
1 528 356
2 486 411
2 543 420
1 489 352
1 538 354
1 531 349
1 535 349
2 502 429
1 531 348
3 557 376
3 547 379
2 484 411
1 485 354
4 483 356
4 478 363
4 494 420
1 502 356
1 515 354
1 551 371
4 485 384
4 499 429
3 547 355
1 508 364
2 473 402
4 488 352
3 548 379
4 493 416
1 533 349
3 548 355
1 544 350
3 543 412
1 528 355
1 535 348
4 479 397
1 545 352
1 484 354
3 551 370
3 528 422
4 482 355
1 528 354
2 555 377
3 545 414
1 520 354
1 490 351
2 522 419
3 544 420
4 478 362
1 491 351
4 487 352
3 509 428
1 557 375
3 543 409
1 542 355
1 542 354
2 547 418
4 483 357
4 477 409
3 551 394
2 489 407
3 540 365
4 498 429
3 546 414
4 479 388
4 490 415
3 548 352
2 510 427
1 500 353
2 495 424
4 474 403
2 492 416
2 526 422
1 555 375
2 548 402
4 472 402
4 477 392
1 514 360
3 544 419
1 515 353
2 487 411
2 478 410
2 479 410
1 495 350
3 556 377
2 551 397
1 496 349
4 494 417
4 493 417
2 490 416
3 547 383
4 481 406
2 547 419
1 482 354
3 550 382
2 536 416
3 511 427
3 552 395
4 478 389
4 495 422
4 483 382
3 547 353
3 547 414
4 478 364
2 524 421
1 526 355
4 492 417
4 477 396
1 556 375
1 501 355
1 513 351
4 478 397
2 557 377
3 544 409
1 485 353
4 491 414
3 509 429
1 531 347
2 525 422
3 554 385
1 503 353
4 482 356
1 533 348
4 530 348
1 525 356
3 544 412
4 490 414
1 478 361
4 484 365
2 550 398
3 558 377
3 558 375
2 483 409
4 481 366
4 493 420
4 489 416
4 495 349
1 498 354
4 477 389
1 504 362
1 481 358
2 545 418
1 555 374
4 488 383
1 490 350
4 477 410
3 536 349
2 504 430
1 492 352
4 490 413
3 547 403
2 518 423
1 475 398
2 496 425
4 486 368
1 532 349
2 476 405
1 476 400
4 480 406
4 477 362
4 529 348
1 507 365
4 487 381
2 481 412
1 555 373
2 479 411
3 543 364
3 544 364
4 478 388
2 555 378
3 556 374
1 548 351
3 552 397
2 536 417
4 488 416
3 550 360
2 536 418
2 475 404
3 542 408
1 514 359
2 479 412
4 479 359
1 545 351
2 514 424
2 554 386
1 506 353
2 546 418
2 472 403
1 549 359
4 479 360
2 500 430
4 485 368
2 507 430
1 555 372
3 548 416
1 554 374
3 549 356
3 549 380
4 477 397
3 556 378
3 551 369
3 541 366
4 487 416
3 550 356
4 489 413
3 551 398
1 515 352
3 548 354
1 500 352
3 552 389
2 509 430
4 486 416
1 524 353
4 476 397
2 478 411
1 520 353
2 537 418
4 475 405
2 516 424
3 552 369
3 552 371
3 538 405
2 507 431
4 487 383
2 548 417
1 539 351
4 472 400
4 484 384
3 558 376
1 536 348
4 473 399
2 541 417
3 546 384
4 488 413
3 553 397
4 528 348
2 536 419
4 492 377
1 499 358
3 548 414
2 543 421
1 518 357
2 557 378
4 483 365
2 477 411
4 530 347
4 477 388
1 480 358
4 486 374
3 508 431
4 499 428
1 494 351
2 551 399
2 530 418
1 520 352
4 476 396
1 518 356
1 499 357
4 494 422
4 474 404
1 549 355
3 512 427
2 552 398
2 495 425
2 479 413
1 503 352
4 485 376
2 535 415
3 551 360
1 531 346
2 539 416
3 544 421
2 512 428
4 482 357
1 536 347
4 494 425
1 506 352
4 492 420
2 478 412
2 534 415
4 478 387
2 482 409
4 489 415
3 532 346
4 481 355
1 486 353
1 499 356
4 473 404
1 478 360
1 525 355
2 533 416
4 495 418
2 526 423
2 524 422
3 549 417
3 537 407
4 530 346
3 544 404
4 477 363
4 482 367
2 473 405
3 533 346
2 546 419
3 541 411
4 483 371
2 548 418
2 536 420
4 474 398
3 542 411
1 529 347
1 537 356
2 512 429
2 525 423
2 490 417
3 552 394
1 543 357
4 493 425
1 530 345
4 494 418
1 537 355
4 494 419
2 546 420
2 475 406
4 498 426
4 476 410
1 544 349
1 535 347
3 548 353
3 545 350
4 486 383
1 544 348
2 509 431
3 545 348
1 532 345
4 497 429
4 482 382
4 489 351
1 489 350
2 536 421
4 482 372
3 545 404
2 528 423
3 541 367
3 510 431
3 558 378
2 506 429
4 477 364
3 511 426
3 550 417
1 494 350
2 532 419
1 557 374
1 528 347
3 543 408
1 476 395
4 494 349
1 531 345
4 491 385
2 508 432
4 487 379
1 525 354
2 486 417
2 518 424
4 478 359
3 559 378
3 553 394
4 499 427
1 494 348
2 556 379
4 471 402
3 551 356
4 478 407
1 555 371
3 550 355
3 519 424
4 477 359
2 486 418
2 471 403
3 550 401
1 483 354
4 476 359
1 528 346
1 511 362
2 522 420
1 484 353
4 472 404
1 540 357
1 482 353
1 514 358
3 541 365
1 532 344
1 514 357
1 541 357
1 493 356
4 485 383
3 510 430
1 538 353
1 477 358
3 554 388
2 485 412
3 533 345
4 476 362
3 552 370
1 510 362
1 485 352
4 481 372
1 554 373
1 492 351
3 552 399
2 495 426
4 481 386
4 479 391
2 471 404
2 494 426
3 516 425
4 484 383
3 552 356
2 494 427
4 483 383
1 505 362
2 479 414
2 514 425
2 497 430
3 545 421
3 534 345
3 549 416
4 480 386
2 531 418
1 505 361
3 550 380
4 474 406
3 545 364
1 514 356
3 551 417
1 492 350
2 553 398
4 477 412
2 518 425
1 534 344
3 546 404
2 534 416
3 549 351
4 473 398
3 555 388
4 483 384
2 540 420
3 552 391
1 502 355
3 512 426
3 555 385
2 534 417
2 520 416
2 481 413
2 548 419
2 506 430
4 477 407
4 486 379
2 503 428
3 541 363
1 509 367
3 547 415
2 526 424
3 542 363
1 549 350
2 506 431
3 545 409
2 485 413
3 553 370
1 554 372
4 527 346
4 493 426
4 478 391
4 476 412
4 494 424
2 527 423
2 550 418
3 541 413
3 550 351
1 488 351
3 546 421
1 522 348
1 507 364
1 508 363
4 472 405
4 476 411
2 483 410
3 551 401
2 547 420
3 555 386
1 508 362
4 480 370
4 489 378
4 481 356
1 511 361
4 482 383
3 529 423
2 532 420
3 544 408
4 478 413
1 544 347
4 477 391
2 499 430
1 478 358
2 484 412
4 531 344
1 473 397
2 502 430
2 554 389
1 487 351
4 480 355
1 518 355
1 494 347
1 506 351
4 492 425
3 550 359
1 498 353
4 482 371
2 522 421
3 543 411
4 486 375
4 480 356
4 481 371
3 557 379
4 477 393
2 527 424
1 496 348
4 485 379
1 508 361
3 519 425
3 550 350
1 533 344
2 495 427
1 495 348
4 476 407
4 481 357
1 557 373
2 533 417
2 495 428
4 476 391
2 483 411
1 538 352
2 471 405
4 482 365
3 528 424
4 485 417
2 482 410
3 549 400
3 534 346
3 554 398
3 511 431
2 504 431
3 535 346
3 520 425
4 478 408
1 483 353
4 493 427
4 487 380
4 473 406
2 513 425
4 476 364
3 558 373
4 475 396
4 526 346
4 492 426
1 475 395
3 551 350
1 509 366
3 538 407
2 552 400
4 475 410
1 527 345
2 550 419
3 549 402
3 556 388
1 481 354
2 525 424
1 543 356
1 477 357
1 537 354
1 502 354
3 559 373
3 553 369
2 508 433
1 479 358
4 475 362
3 548 403
1 520 351
4 491 425
3 548 383
4 493 348
2 518 426
2 528 425
1 541 356
1 484 352
2 488 417
2 502 431
2 486 419
1 503 351
1 551 349
2 525 425
1 554 371
2 511 432
4 476 357
2 532 421
3 545 412
1 531 343
4 507 432
1 523 352
4 475 357
4 491 377
2 472 406
4 470 402
2 530 419
4 482 369
1 509 365
4 475 407
4 471 400
3 551 359
3 547 404
4 474 407
4 475 391
4 480 366
4 484 417
1 473 396
2 505 427
2 492 427
1 470 401
1 520 350
3 549 353
1 548 350
3 529 424
1 545 347
2 511 433
4 471 406
1 549 349
3 552 360
2 503 429
3 556 386
2 489 417
4 479 356
2 535 416
3 558 379
4 478 414
2 549 418
4 469 402
2 544 422
2 496 426
3 556 372
2 533 418
4 491 426
3 550 361
1 525 353
4 477 361
4 481 353
1 558 372
4 493 347
4 477 408
3 547 357
3 559 372
4 484 379
1 502 353
4 481 369
3 560 372
4 496 429
1 512 352
2 558 380
1 552 355
3 547 421
3 549 383
2 515 426
1 544 346
3 549 414
1 542 353
2 491 427
1 470 400
1 496 347
3 557 388
3 539 407
1 524 352
3 542 367
2 550 420
4 469 401
2 516 426
2 503 430
2 486 420
1 506 350
3 548 381
4 490 377
1 521 353
1 502 352
3 550 383
3 550 416
2 492 428
3 554 397
1 542 352
4 470 405
2 549 419
1 475 356
2 552 401
4 490 426
2 541 418
1 525 352
3 554 370
3 553 356
3 553 401
2 489 418
4 526 345
4 525 345
1 533 343
1 481 352
3 559 375
2 556 389
1 548 349
1 510 361
3 552 417
3 548 404
3 535 345
1 484 351
1 530 344
4 475 411
4 468 401
2 497 431
1 499 355
2 474 408
4 486 381
3 555 398
2 540 421
3 553 395
2 525 426
4 496 431
2 468 402
2 486 421
4 490 385
3 546 364
3 559 377
2 547 422
4 476 409
2 487 417
2 540 422
3 542 413
1 557 372
3 548 422
2 546 422
2 512 430
2 551 418
2 518 427
2 471 407
4 486 380
1 505 360
3 539 405
4 480 352
3 512 431
2 549 420
1 551 348
2 542 421
1 500 351
2 482 411
3 519 427
1 501 354
3 560 377
4 479 386
3 555 370
4 474 357
3 552 418
3 549 422
3 546 358
2 488 418
3 553 355
2 535 417
2 520 426
2 533 419
3 547 364
3 550 402
1 488 350
4 472 398
2 539 417
1 529 346
3 548 364
3 542 366
2 525 427
2 537 419
4 476 393
1 518 354
4 506 432
1 534 343
3 549 354
1 474 356
1 544 345
1 553 354
4 480 354
2 478 415
3 552 350
4 475 359
2 518 428
1 534 342
1 559 371
1 531 342
2 481 414
3 543 413
3 554 394
3 554 395
3 513 431
4 477 360
3 553 400
4 485 380
4 485 381
1 506 349
3 560 371
2 527 425
1 491 350
2 507 433
4 479 370
1 476 356
1 484 350
1 525 344
4 480 372
3 555 397
1 481 351
2 514 426
1 498 352
3 553 418
4 467 401
1 556 371
4 485 418
3 561 377
2 482 412
4 474 410
3 552 396
1 539 350
2 520 427
2 538 415
3 540 405
2 538 416
3 536 406
4 476 388
3 548 421
2 535 418
2 513 432
3 554 355
3 558 374
2 542 422
2 484 418
4 467 402
2 537 420
2 521 415
3 535 344
3 513 430
1 541 355
3 547 358
4 489 426
1 558 371
1 556 370
2 509 432
1 551 347
3 555 395
1 473 395
3 548 368
2 536 422
4 524 344
1 472 397
4 478 370
2 522 422
3 548 415
4 495 431
3 553 392
4 476 392
2 489 427
3 554 401
3 559 379
1 540 356
4 466 402
4 480 369
3 550 422
4 477 413
4 476 363
4 474 411
2 483 412
1 547 351
4 479 354
2 493 428
1 520 349
3 548 357
3 551 402
2 492 429
1 510 360
2 545 422
3 514 432
2 475 412
2 485 419
2 483 413
4 479 352
4 480 371
4 469 405
2 508 434
2 513 433
1 517 353
2 523 419
1 534 341
3 545 345
4 491 429
3 557 389
4 475 392
3 526 427
1 534 340
3 560 378
3 549 357
3 553 393
3 515 432
4 505 432
3 541 405
2 476 413
3 519 428
2 471 408
3 535 341
3 543 410
2 519 429
1 489 349
4 472 399
1 551 346
3 509 434
3 514 431
2 499 431
1 500 350
2 492 430
3 551 382
2 544 423
4 476 358
3 554 369
4 491 428
3 535 340
2 468 403
1 494 346
4 484 376
4 477 415
4 476 389
3 555 355
2 486 422
1 489 348
3 549 381
2 504 432
4 477 414
2 507 434
3 556 355
4 479 372
1 487 350
2 531 419
1 482 352
3 557 370
4 530 343
1 478 357
1 491 349
4 494 423
3 551 383
3 559 380
1 498 351
1 484 349
1 475 355
3 549 415
4 483 418
4 471 397
4 481 367
1 514 355
3 548 358
2 536 423
4 480 351
4 523 344
4 483 376
4 492 347
2 561 378
4 470 407
2 521 416
1 536 346
2 537 421
1 555 354
2 510 432
2 480 412
2 473 407
2 508 435
1 530 342
4 470 397
4 476 415
3 546 412
4 481 382
2 512 432
4 493 423
4 475 358
3 554 392
1 539 349
4 493 424
4 507 435
2 493 429
2 522 423
2 486 423
2 553 419
3 550 390
3 561 371
2 548 423
4 472 396
2 466 403
2 551 419
1 558 370
3 549 423
3 514 433
4 522 344
3 526 426
4 489 385
3 556 397
4 488 385
1 492 346
2 529 425
4 475 393
2 531 420
4 474 391
1 488 349
1 538 351
4 483 349
4 478 372
1 518 353
3 549 368
4 506 435
2 521 417
1 510 359
2 545 423
4 473 391
3 561 372
1 508 360
1 484 348
1 473 390
2 520 428
4 482 349
2 478 416
4 474 392
2 476 416
2 557 390
2 490 427
4 529 342
1 561 370
3 545 408
3 535 343
2 517 425
3 557 386
2 497 432
1 514 354
4 490 429
1 470 396
4 490 428
4 476 360
2 558 381
2 497 433
2 514 434
1 492 345
4 474 393
2 551 420
2 527 426
1 497 353
2 551 421
1 511 360
3 560 379
1 553 353
3 562 371
4 469 407
4 478 352
4 483 379
3 544 413
1 560 370
2 467 403
4 481 349
4 533 340
2 554 402
3 549 403
1 505 359
4 487 373
3 536 344
3 552 383
4 473 356
2 484 419
1 486 352
2 519 430
1 508 359
1 524 343
3 554 419
4 484 381
2 471 409
4 480 382
4 475 415
4 485 421
2 522 424
1 475 354
2 533 420
2 528 426
3 542 405
1 468 400
1 470 395
1 534 339
4 528 342
1 515 351
3 558 386
1 530 341
4 529 341
4 475 388
2 554 420
2 466 404
1 481 348
3 550 357
1 487 349
4 485 422
1 508 358
4 490 425
2 535 419
1 487 348
1 527 344
4 483 350
1 495 347
2 516 427
1 510 358
4 470 408
4 491 345
2 499 432
1 557 369
4 479 366
2 482 413
1 557 368
3 549 404
3 558 390
4 473 392
2 529 426
3 551 357
4 469 395
3 520 430
1 480 350
2 473 408
1 486 351
3 552 346
2 539 418
3 530 425
2 484 420
1 486 350
1 486 349
1 500 349
2 552 419
3 530 424
4 488 427
3 554 418
3 549 358
2 552 420
4 533 339
2 503 431
1 535 339
3 550 362
4 474 354
3 542 365
3 537 406
3 555 401
4 492 424
2 525 428
2 476 417
1 550 349
3 552 349
4 496 433
3 550 423
1 551 345
2 469 408
2 481 415
1 518 352
3 552 382
3 554 353
4 491 424
1 483 348
4 471 398
2 487 418
3 527 427
1 471 396
1 542 351
3 531 425
3 551 361
2 509 435
1 470 394
2 492 431
1 555 353
2 561 379
4 532 340
2 542 423
2 511 434
2 543 422
3 543 363
3 555 418
3 537 344
4 474 362
1 509 364
1 540 355
3 531 424
3 562 379
1 558 369
2 508 436
4 480 348
2 478 417
1 515 350
3 544 410
3 554 356
1 497 352
1 502 351
4 469 397
3 556 398
4 479 382
2 497 434
3 550 404
1 483 347
1 502 350
3 558 389
1 493 346
3 559 390
3 559 381
3 547 412
1 536 343
4 488 426
1 550 348
1 524 342
3 551 362
2 556 399
3 547 384
3 550 403
2 529 427
1 472 395
2 519 431
3 560 380
3 552 357
1 501 353
3 536 340
2 494 428
4 466 401
4 479 350
4 468 405
4 483 419
2 539 419
1 554 352
3 555 402
4 491 346
3 555 419
2 473 409
1 539 348
3 551 423
4 480 353
3 557 397
4 468 407
1 508 357
4 474 415
1 532 339
1 562 370
1 468 399
3 556 395
4 475 363
3 515 433
3 555 420
4 485 375
1 466 400
2 479 415
4 474 363
4 484 421
4 479 348
1 517 352
4 480 367
1 521 352
3 550 415
4 476 361
1 509 363
4 475 364
2 503 432
3 556 418
2 510 433
3 509 436
1 471 395
1 475 353
4 505 435
3 551 403
1 524 341
1 518 351
4 467 399
3 557 355
3 551 404
1 546 351
3 560 381
3 563 371
3 552 348
2 494 429
1 535 338
3 532 424
3 554 393
2 550 424
3 530 427
1 502 349
2 534 418
2 510 434
1 490 349
2 489 428
1 534 338
4 489 425
1 549 348
2 515 434
1 470 393
2 529 428
1 478 351
3 556 354
2 492 432
1 475 352
1 552 345
2 486 424
2 497 435
3 556 385
2 527 428
3 553 350
4 491 430
2 515 435
4 481 365
4 467 405
1 546 350
2 476 418
1 498 350
1 536 339
3 543 365
3 556 402
4 487 427
3 557 385
1 531 341
4 482 379
4 475 416
4 477 372
4 475 360
1 506 348
2 517 426
4 485 423
2 478 418
2 468 408
3 554 400
4 477 387
1 512 351
2 494 430
3 545 410
2 494 431
4 474 388
1 519 360
2 488 428
2 534 419
3 553 346
2 528 427
3 552 404
4 483 420
2 531 426
2 479 416
4 482 384
4 473 363
1 491 344
3 551 415
4 469 394
4 476 387
3 552 403
2 492 433
1 477 356
2 505 436
3 553 348
2 467 406
3 559 389
3 553 396
1 483 346
2 529 429
2 517 427
1 514 353
3 555 394
3 560 390
4 468 397
2 530 428
1 516 356
4 466 405
1 537 343
2 498 430
4 485 424
3 561 390
4 474 358
1 503 350
4 489 377
3 562 378
1 505 358
3 553 417
2 482 414
4 473 388
2 557 398
2 511 435
3 554 350
1 500 348
1 470 392
4 478 386
3 531 428
2 473 410
1 537 342
2 490 430
3 510 436
3 530 429
1 536 338
2 556 419
3 558 397
4 481 384
3 544 365
2 504 433
4 475 361
2 514 435
1 504 361
2 500 431
3 548 412
4 484 375
4 523 343
2 516 428
1 549 347
3 538 406
4 488 377
2 514 436
1 556 353
1 471 394
2 512 433
1 549 346
1 531 340
3 552 362
3 543 367
2 502 432
1 532 338
4 478 382
1 466 399
2 475 417
3 559 397
4 477 370
1 538 350
3 561 381
1 532 337
1 478 350
4 482 420
2 554 421
2 506 436
1 471 393
4 485 374
3 552 361
1 540 354
1 484 347
2 553 420
4 487 426
4 477 350
4 480 384
2 513 434
2 521 418
2 517 428
2 482 421
4 488 425
3 536 341
2 477 416
2 501 430
3 553 361
1 483 345
2 553 421
1 471 392
4 465 404
1 473 355
1 526 344
1 488 348
4 484 422
1 531 339
1 522 343
2 552 421
3 516 435
3 559 376
1 496 346
4 479 384
2 544 424
3 556 420
1 479 347
3 554 417
2 552 422
2 527 429
1 548 348
1 500 347
2 486 425
1 545 344
2 513 435
4 481 383
1 517 351
2 530 430
1 481 347
1 480 347
1 533 338
3 538 343
1 515 349
3 548 384
1 494 345
1 546 349
1 483 344
2 465 405
4 482 344
3 550 358
4 473 354
4 496 434
1 538 342
4 483 375
3 516 434
3 557 399
1 465 403
4 489 430
3 554 396
1 502 348
4 474 417
4 469 393
1 546 348
2 501 431
4 531 337
1 537 341
4 465 402
2 473 411
3 553 357
1 501 352
2 495 432
1 508 356
2 551 424
2 536 424
3 555 400
1 472 394
1 543 355
1 485 351
4 477 351
3 553 382
4 467 408
1 467 398
1 483 343
2 518 429
1 534 337
1 508 355
3 544 411
3 557 418
3 539 406
1 473 353
4 474 364
3 553 360
4 472 353
2 562 380
2 528 428
4 480 383
4 487 385
1 522 342
4 472 411
4 465 401
4 472 363
4 483 381
1 469 392
4 473 362
4 471 363
2 548 424
2 535 420
3 557 354
2 533 421
1 520 348
4 495 434
1 543 354
1 512 350
3 558 354
4 472 356
4 530 339
3 560 375
2 527 430
2 542 424
2 533 422
3 517 435
3 549 384
2 531 429
1 499 354
3 559 369
4 468 393
2 482 422
2 524 423
2 548 425
2 555 421
2 539 420
2 553 422
4 481 422
4 476 372
2 480 413
4 484 368
1 483 342
1 501 351
4 468 394
1 540 353
2 509 437
2 537 422
4 478 366
3 554 361
1 533 337
2 557 419
2 471 410
3 554 357
3 552 347
4 486 385
3 553 383
2 503 433
1 500 346
1 526 343
3 558 368
4 480 422
4 485 385
3 545 365
4 470 409
4 484 374
3 558 355
3 549 425
3 552 359
1 466 398
1 508 354
3 535 337
2 555 422
1 513 350
1 542 350
1 487 347
4 466 406
4 486 426
4 481 420
3 558 385
1 496 345
1 491 343
2 484 423
1 465 400
1 528 341
1 491 342
2 490 431
2 489 431
1 487 346
3 554 348
1 550 347
2 509 438
3 559 374
2 472 412
3 553 349
2 535 421
1 515 348
2 503 434
2 533 423
4 478 348
1 470 391
4 482 345
1 466 397
3 555 417
4 469 396
1 535 336
2 514 437
1 544 344
2 554 422
3 555 356
1 537 340
4 473 417
1 496 344
4 482 342
3 544 363
4 530 340
3 551 358
4 479 371
3 563 378
4 464 400
3 546 344
3 563 380
4 481 345
1 513 349
4 475 372
1 535 335
1 478 347
1 477 349
4 471 412
1 519 359
3 536 337
1 534 336
2 518 430
3 564 378
3 554 349
4 482 381
1 533 336
2 551 425
2 484 424
1 524 340
3 556 422
2 473 418
3 555 352
1 520 347
2 522 425
2 473 419
1 560 369
3 552 425
3 556 401
4 481 379
2 521 419
2 519 432
2 501 432
4 482 376
1 478 346
3 540 406
4 465 399
1 475 351
4 529 339
4 464 402
1 525 343
4 467 407
3 561 375
2 535 422
2 531 430
2 525 429
3 552 358
4 481 376
3 546 365
2 494 432
4 478 371
2 501 433
2 560 391
2 552 426
4 469 391
3 555 350
2 478 419
1 477 348
2 516 436
3 558 399
2 522 426
3 515 437
3 556 352
1 478 345
4 479 422
1 543 353
4 463 402
2 499 433
2 548 426
4 470 363
2 512 434
4 470 412
4 508 437
3 560 374
1 487 345
4 464 405
3 555 361
2 501 434
2 503 435
1 539 347
4 468 396
4 479 369
4 464 399
3 552 415
3 560 397
1 493 345
3 562 390
1 540 352
1 499 353
4 474 416
4 470 410
2 482 423
2 476 419
3 539 343
3 558 418
4 469 409
4 482 343
2 464 406
1 530 338
1 471 362
2 534 420
4 473 357
2 505 437
4 488 378
1 477 347
2 557 420
1 492 344
2 482 424
3 552 423
2 471 413
3 553 426
2 535 423
3 556 400
1 492 343
3 517 436
4 467 393
2 504 434
1 556 351
4 534 335
3 547 344
1 508 353
4 472 390
2 494 433
3 543 405
1 520 346
3 546 408
1 463 401
3 551 416
2 478 420
4 463 400
1 560 368
4 481 423
4 487 428
4 480 365
1 470 362
4 476 370
1 539 342
2 522 427
3 517 434
4 473 415
1 512 349
2 493 430
2 527 431
3 553 358
4 472 417
3 563 370
4 472 419
1 510 357
4 468 392
1 471 361
4 487 378
1 540 351
4 480 376
4 473 364
1 491 341
3 560 373
2 488 429
3 561 368
1 538 341
2 511 436
2 474 418
2 476 420
3 544 367
3 510 438
1 487 344
4 476 414
2 537 423
1 502 347
3 554 358
2 463 403
3 511 438
3 520 432
1 516 355
2 465 406
3 557 395
1 467 392
4 466 407
1 523 342
3 554 346
2 518 431
4 504 437
2 542 425
2 513 436
4 481 424
1 464 398
4 487 377
3 540 407
4 478 384
2 471 414
4 491 432
3 547 408
2 543 423
1 537 339
4 474 351
3 518 436
3 552 424
4 474 359
1 467 391
1 513 348
1 559 368
3 553 423
2 556 423
2 530 431
1 561 367
4 479 367
3 536 336
2 517 437
3 518 435
2 479 423
3 548 408
4 474 372
4 472 418
2 502 433
2 479 424
2 478 421
2 480 423
1 551 344
4 508 438
2 538 417
4 488 431
3 553 347
4 533 335
4 463 399
2 491 433
2 543 424
2 505 438
2 490 432
3 562 381
1 561 366
2 479 425
2 551 426
2 559 398
2 488 432
2 502 434
3 553 424
4 463 405
4 477 346
4 476 347
4 470 361
1 516 354
2 510 439
1 526 342
4 477 366
2 479 426
2 510 440
3 511 440
4 509 440
1 534 334
2 503 436
4 463 398
1 515 347
1 560 367
3 550 414
1 561 365
3 556 394
2 485 425
1 508 352
4 475 389
2 550 425
3 518 437
1 529 338
3 564 371
1 509 362
4 477 386
3 561 397
3 557 400
2 540 423
4 502 436
3 553 359
1 548 347
4 465 397
3 558 400
4 486 373
4 479 365
2 517 438
1 469 390
1 479 346
4 471 356
1 509 361
1 523 341
2 498 431
1 518 350
1 551 343
3 560 398
1 465 396
3 557 351
4 484 380
2 493 431
2 513 437
3 553 387
1 499 352
3 555 349
2 515 438
4 509 439
3 555 393
1 537 338
2 559 399
3 549 412
4 466 392
3 537 336
1 467 390
2 521 420
3 538 339
1 539 341
4 462 400
3 555 358
2 542 426
3 535 334
1 476 346
2 509 441
4 496 435
4 501 436
4 473 372
2 559 400
3 558 419
4 477 345
2 480 424
4 533 334
4 478 426
3 545 413
2 507 436
2 537 424
3 560 389
4 528 339
2 469 410
2 478 427
3 557 423
3 562 368
3 541 407
4 469 412
4 481 381
3 554 424
4 486 377
4 474 352
3 546 410
4 490 433
3 556 417
2 473 420
4 481 343
2 470 413
1 535 333
4 495 435
1 510 356
4 473 358
1 462 399
3 554 426
4 464 396
2 549 426
4 508 439
2 481 425
1 540 350
4 466 408
4 477 371
1 530 337
2 555 423
1 526 341
4 468 409
4 476 350
1 560 366
1 557 350
2 564 379
2 550 426
2 494 434
3 550 384
2 471 415
2 466 409
2 496 436
3 519 435
4 475 387
1 480 346
4 476 371
1 473 352
2 525 430
2 522 428
4 461 399
4 483 374
3 555 426
1 478 344
3 562 366
4 477 426
1 468 391
4 504 438
1 499 351
1 480 345
4 478 365
1 503 349
4 475 370
2 542 427
1 524 339
2 503 437
2 516 437
3 520 435
4 484 385
3 554 387
2 519 436
3 553 345
2 516 438
4 466 390
3 553 362
2 547 423
4 482 374
1 557 349
3 551 384
4 502 437
1 525 342
4 469 361
2 550 427
1 562 365
4 468 412
2 494 435
1 537 335
3 564 380
4 468 410
2 550 428
3 559 354
3 563 390
3 554 382
1 500 345
4 478 367
3 554 359
4 471 418
4 508 440
4 464 404
1 550 346
4 462 403
1 504 360
4 476 426
3 557 402
4 479 383
2 511 441
2 535 424
2 478 428
1 557 348
1 483 341
4 477 367
4 487 429
3 552 343
2 521 421
2 540 424
1 469 360
3 564 370
4 489 433
4 463 404
1 485 350
2 513 438
1 511 359
4 482 341
4 473 351
3 541 406
1 465 395
2 498 432
1 507 363
1 491 340
2 507 437
1 503 348
4 472 372
2 556 424
3 554 347
1 483 340
4 507 439
1 494 344
1 461 398
4 479 376
2 547 424
1 531 336
1 527 343
4 483 385
4 473 359
3 565 371
1 538 338
4 487 431
2 477 427
1 483 339
2 562 391
2 471 419
4 465 409
1 483 338
3 536 334
2 495 436
2 490 434
2 553 427
1 515 346
2 505 439
3 555 382
4 461 400
1 527 342
1 485 349
3 553 425
3 555 387
2 552 427
4 476 348
1 464 395
4 477 384
4 474 389
3 558 351
2 538 418
3 559 351
1 472 352
1 464 394
4 472 351
2 497 436
4 476 384
4 469 413
3 539 338
4 470 415
1 555 348
2 517 439
3 521 432
3 549 408
2 478 429
3 555 347
4 475 347
3 562 377
2 518 438
1 540 349
1 498 349
1 489 347
4 530 336
2 471 420
2 502 438
1 476 345
4 476 366
1 480 344
2 508 441
1 480 343
3 556 347
2 554 427
2 500 432
3 532 429
2 537 425
1 468 390
4 477 428
2 522 429
3 562 397
3 552 416
4 482 338
2 484 425
4 475 426
1 533 333
3 563 368
3 533 429
1 517 350
2 474 419
3 560 399
3 560 354
2 503 438
2 470 416
4 469 363
1 471 355
4 485 373
2 521 433
2 482 425
2 501 437
3 560 400
1 507 362
4 487 432
4 475 346
2 490 435
2 467 409
2 536 425
2 495 437
3 562 367
3 557 352
4 477 429
1 495 346
2 486 427
3 544 405
2 536 426
2 545 424
3 531 431
1 550 345
2 493 432
2 475 427
1 513 347
4 478 422
1 551 342
4 481 342
3 560 376
1 526 340
2 495 438
3 554 362
3 540 338
4 470 355
1 502 346
2 502 439
2 521 434
3 512 440
2 503 439
1 471 354
2 464 407
4 478 376
3 561 400
3 559 355
4 476 367
3 560 355
1 479 345
2 516 439
2 492 434
3 563 366
4 507 440
1 554 345
2 524 424
4 471 353
2 536 427
2 466 410
1 478 343
3 564 366
4 465 410
4 472 359
1 556 346
2 544 425
1 488 347
3 559 419
3 556 358
4 474 347
1 548 346
3 553 403
1 513 346
3 564 368
4 468 361
1 471 352
2 494 436
1 509 360
4 529 337
2 511 442
1 512 348
2 471 421
2 552 428
1 508 351
2 476 427
4 481 341
2 533 430
1 473 350
1 466 389
1 530 335
2 551 427
1 484 346
1 510 355
1 560 353
3 550 412
3 558 402
2 496 437
2 554 428
4 475 345
1 463 397
3 559 385
2 543 425
1 467 389
3 553 404
1 546 343
1 548 345
2 530 432
3 522 433
2 495 439
4 488 430
1 530 334
3 539 339
3 554 403
3 542 406
4 468 360
3 552 344
2 533 431
3 563 367
4 532 333
4 470 419
1 475 344
1 478 342
3 559 386
2 549 427
1 501 350
1 487 343
3 537 337
3 561 369
4 470 353
4 466 391
4 487 430
2 510 441
3 536 333
3 556 393
2 462 404
1 549 345
1 562 364
1 475 343
4 477 382
3 556 421
2 554 429
1 530 333
3 534 431
3 557 417
1 482 337
2 470 420
1 528 338
3 537 334
3 520 436
1 531 335
3 558 388
1 512 347
1 481 340
2 470 421
3 551 414
2 463 406
1 557 347
4 470 356
2 488 433
2 476 428
2 498 433
4 469 415
3 563 364
1 549 344
4 494 438
2 560 401
2 486 428
1 547 343
1 503 347
4 478 423
3 565 368
2 545 425
3 555 359
1 473 349
1 515 345
4 462 401
3 545 405
3 564 367
3 552 342
1 479 344
3 521 435
1 462 398
1 532 332
4 481 374
1 553 344
2 549 428
4 493 436
3 555 357
2 563 391
1 490 348
2 491 434
3 554 360
4 477 376
3 512 441
3 557 358
2 492 435
1 555 346
3 555 396
3 558 417
3 558 350
1 530 332
1 559 350
2 463 407
3 540 339
4 472 388
3 566 368
3 537 333
4 474 345
1 521 351
3 541 339
1 529 336
1 545 343
4 480 341
4 480 374
1 479 343
2 512 442
2 546 423
4 478 425
1 544 343
3 563 377
3 560 350
3 518 439
2 503 440
2 508 442
3 519 439
3 555 360
4 469 356
2 540 425
2 533 432
3 554 404
1 515 344
4 486 432
2 527 432
4 474 343
1 562 363
2 545 426
1 511 358
3 556 361
1 492 342
3 538 337
4 465 391
1 541 338
3 522 435
4 473 347
1 524 338
4 470 352
4 467 360
2 491 435
2 566 369
1 503 346
2 519 440
1 552 341
4 478 369
1 521 350
3 561 398
3 523 433
1 492 341
2 562 398
4 460 399
3 542 338
3 555 404
4 479 341
2 524 425
3 554 425
3 556 387
2 542 428
1 526 339
3 558 358
2 554 430
1 521 349
3 562 400
3 555 429
3 565 379
1 528 337
2 518 440
1 512 346
3 557 394
3 538 333
3 519 437
4 466 393
3 555 392
3 534 432
4 465 393
2 479 427
2 531 432
4 469 420
3 559 358
3 546 405
4 528 336
3 561 354
1 527 341
3 557 387
1 504 359
4 468 413
4 493 438
4 475 371
4 475 384
2 513 439
4 473 343
2 545 427
4 464 410
2 554 431
2 556 425
2 508 443
2 557 424
3 556 404
4 470 418
4 471 411
4 492 438
4 468 356
3 554 383
4 472 343
4 484 373
4 482 375
2 475 428
1 516 353
4 529 334
2 547 425
4 529 333
1 483 337
4 467 412
3 538 335
1 554 344
2 477 430
2 505 440
3 565 367
2 471 422
4 494 439
1 564 365
4 483 380
4 477 342
4 474 428
2 507 441
4 479 374
1 517 349
3 524 433
1 540 337
3 553 416
4 470 354
1 486 348
2 510 442
4 469 355
3 555 431
3 561 376
2 470 422
3 558 347
4 476 386
1 493 344
2 533 433
2 494 440
1 559 349
1 555 345
3 555 383
1 523 340
3 556 431
2 521 436
4 478 374
3 520 439
4 476 376
2 481 426
3 556 382
4 472 364
1 522 341
4 483 373
4 480 381
1 499 350
4 485 432
2 467 413
1 515 343
2 539 421
3 561 389
1 474 342
1 532 331
1 506 347
4 481 338
4 466 412
4 465 390
1 542 337
2 469 421
1 547 342
4 474 427
4 482 373
3 561 350
3 557 421
3 561 373
1 496 343
4 471 351
1 461 397
3 557 431
2 484 426
2 556 432
2 466 413
1 528 335
2 544 426
1 477 341
2 465 411
2 475 429
1 526 338
4 485 377
4 469 416
1 532 330
3 563 398
2 515 439
2 542 429
3 547 410
1 500 344
4 480 379
3 558 420
2 493 439
4 493 440
1 503 345
2 485 433
2 494 441
4 477 369
4 469 352
4 491 438
3 560 349
3 563 363
2 466 414
2 466 415
1 463 396
3 513 442
1 514 352
4 468 416
3 557 422
3 546 409
2 527 433
3 543 406
1 492 340
2 559 420
4 473 428
4 461 404
1 548 344
3 561 349
2 542 430
3 557 393
2 525 431
3 555 403
1 514 351
4 468 363
4 472 347
2 544 427
4 528 334
2 552 429
1 520 345
3 553 342
2 481 427
3 558 393
3 523 435
3 557 346
4 474 387
1 559 348
4 471 388
2 488 434
4 527 335
4 492 436
1 562 362
2 482 426
3 542 407
2 564 381
4 486 431
2 517 440
4 461 401
2 506 437
2 508 444
4 529 332
2 549 429
1 537 332
1 548 343
3 555 428
2 492 439
4 531 331
2 566 370
2 549 430
3 560 351
3 559 347
4 484 433
4 472 358
4 465 389
4 460 400
4 484 377
2 558 421
2 480 425
2 482 427
3 562 389
3 564 391
3 564 390
3 557 382
4 482 339
3 557 425
4 482 380
3 562 372
3 558 424
4 480 338
4 464 393
2 561 401
2 529 430
4 477 425
2 509 442
1 562 361
4 471 343
2 510 443
3 520 437
2 537 426
1 487 342
1 500 343
2 559 421
4 474 346
3 562 401
3 548 410
3 552 414
3 560 358
1 521 348
3 543 338
4 481 337
2 523 436
2 494 442
3 564 398
3 561 355
4 478 383
2 537 427
3 556 392
1 516 352
2 498 434
2 561 402
4 474 426
4 467 361
1 552 340
3 560 347
2 554 432
3 556 357
4 478 424
3 565 366
3 545 411
1 466 388
2 494 443
4 460 398
1 526 337
2 482 428
2 529 431
3 534 433
4 469 353
1 502 345
1 504 358
2 504 439
2 464 411
3 565 391
4 481 339
2 518 441
1 488 346
2 510 444
3 563 361
1 563 360
1 478 341
3 558 425
4 459 400
2 548 427
3 562 354
1 551 341
1 512 345
4 470 351
2 497 437
4 462 396
1 469 351
3 511 443
2 486 433
3 560 419
4 480 340
3 557 392
4 475 348
2 495 440
3 561 399
3 567 368
4 528 332
4 474 384
1 497 351
3 562 349
3 565 381
2 467 414
4 531 330
2 474 429
1 531 329
2 469 422
1 492 339
1 557 345
1 551 340
1 494 343
3 533 331
2 545 428
4 477 365
2 513 443
4 463 410
2 518 442
1 536 332
1 463 395
1 541 337
3 519 441
3 563 401
1 524 337
1 555 344
3 560 385
1 499 349
2 462 405
1 474 341
3 566 367
2 502 440
3 559 418
3 558 392
4 481 380
3 558 352
1 526 336
3 514 443
2 526 428
4 475 386
2 470 423
1 479 340
4 477 374
3 559 424
3 566 391
1 536 331
2 529 432
3 562 373
3 556 356
2 492 440
3 522 434
2 540 426
2 530 433
2 548 428
3 560 386
3 558 387
3 563 362
4 467 416
2 465 412
1 478 340
2 466 416
3 563 389
3 546 411
2 516 440
3 564 401
4 475 367
2 465 413
1 500 342
4 465 408
3 561 386
2 552 430
1 513 345
3 535 433
2 525 432
4 474 367
3 559 388
2 462 406
2 513 444
2 531 433
4 469 362
1 478 339
1 481 336
1 459 399
1 533 330
4 476 369
2 463 411
3 520 441
1 524 336
2 553 428
1 555 343
2 566 392
2 496 438
3 558 345
2 519 442
3 566 379
4 530 331
2 553 429
2 466 417
4 468 351
1 491 339
4 493 442
2 532 430
3 562 350
4 480 337
4 477 424
3 567 370
4 491 436
2 560 420
1 529 331
4 483 368
3 524 435
3 563 372
3 564 364
3 565 365
3 554 416
2 486 434
1 513 344
4 470 343
4 482 368
1 557 344
1 475 342
4 483 377
2 509 443
2 513 445
4 467 363
4 476 365
4 471 372
1 528 331
2 491 439
3 547 411
2 478 430
4 474 371
4 472 350
4 485 431
3 553 414
1 566 366
1 564 363
1 554 343
1 562 348
3 561 419
4 527 332
1 495 345
3 556 428
1 520 344
1 467 359
3 555 427
2 510 445
2 540 427
3 556 403
4 465 414
1 474 340
3 561 353
4 466 360
2 546 424
3 560 388
4 480 336
1 520 343
4 471 358
1 512 344
4 482 385
2 524 436
2 481 428
1 540 336
4 465 415
4 465 360
3 566 381
1 556 345
4 476 374
2 462 407
2 515 440
1 509 359
2 486 435
3 523 434
4 463 394
1 564 362
1 529 330
3 553 340
1 504 357
4 469 354
3 561 358
2 540 428
3 555 416
2 520 442
4 474 386
3 557 404
2 496 439
4 476 430
1 491 338
2 512 443
2 511 444
2 511 445
1 564 361
3 565 398
4 461 403
4 472 428
3 556 416
4 475 376
1 498 348
2 478 431
2 532 431
3 556 427
1 505 357
2 540 429
4 461 396
2 519 443
1 479 339
2 552 431
3 557 428
1 560 346
2 519 444
3 568 368
4 458 399
4 468 355
4 473 426
4 473 371
3 561 351
2 547 426
4 528 333
1 496 342
3 567 367
4 467 356
2 465 416
4 474 348
4 482 377
3 557 427
3 538 332
3 556 426
4 461 407
1 557 343
1 553 339
3 565 390
2 556 433
1 568 367
2 462 408
3 558 404
4 462 394
2 482 429
1 463 393
4 481 377
4 507 444
4 527 333
1 468 350
2 503 441
2 529 433
3 562 355
3 562 353
1 463 392
4 477 339
2 521 437
4 471 364
2 563 402
4 506 444
1 519 358
1 469 350
1 548 342
2 493 443
4 475 374
1 494 342
2 506 445
4 472 426
2 481 429
3 539 333
1 515 342
4 464 390
3 563 397
2 506 446
4 459 398
2 505 441
2 464 412
2 516 441
1 497 350
3 558 343
3 525 435
2 480 426
2 525 436
2 475 430
2 487 433
4 527 334
3 565 364
3 563 354
2 556 434
3 552 384
3 547 409
3 557 434
4 462 410
2 566 393
3 563 348
2 505 442
1 531 328
2 495 441
2 561 420
2 490 436
3 562 376
3 547 405
3 558 382
1 555 342
1 517 348
3 538 334
2 477 431
2 494 444
2 510 446
2 549 431
4 470 364
4 466 356
2 479 428
1 488 345
1 491 337
1 508 350
1 482 336
4 462 393
1 458 398
1 551 339
3 557 416
4 490 438
1 504 356
1 477 338
2 481 430
1 562 347
2 499 434
4 473 384
3 553 341
4 469 343
1 480 335
1 489 346
1 510 354
2 494 445
2 461 408
3 558 394
3 539 334
3 561 388
4 472 371
4 476 431
3 567 391
1 498 347
2 462 411
3 532 329
2 488 435
3 553 415
1 523 339
2 517 441
1 505 356
2 469 423
4 468 343
1 493 343
3 532 328
3 564 389
3 567 379
4 464 360
4 526 333
2 460 401
4 461 405
1 473 342
4 464 415
1 555 341
1 476 344
4 526 332
2 552 432
3 562 358
4 472 349
4 476 339
2 479 429
2 510 447
2 509 444
1 487 341
3 558 344
1 478 338
1 511 357
1 487 340
2 479 430
2 527 434
1 540 335
2 479 431
1 556 344
2 521 438
2 458 400
3 561 385
4 468 420
4 474 344
1 477 337
2 522 436
3 563 355
2 550 429
3 520 440
3 560 418
2 554 433
4 473 429
2 512 444
4 490 439
4 528 330
2 552 433
3 564 397
3 559 417
1 564 360
2 564 402
4 469 364
4 473 387
4 473 346
4 530 328
3 556 429
4 464 389
2 468 421
4 481 385
2 532 432
3 548 405
1 503 344
4 473 427
1 485 348
3 559 425
1 475 341
4 472 346
4 460 397
2 485 434
2 483 421
4 473 340
2 510 448
4 472 429
4 464 414
1 464 359
2 555 432
3 556 341
2 521 439
4 462 392
2 476 432
1 482 335
4 509 447
1 514 350
3 559 394
1 500 341
2 561 421
1 518 349
3 557 356
2 503 442
2 562 402
1 496 341
3 566 365
3 546 413
1 484 345
1 562 346
1 544 342
2 537 428
2 557 435
1 564 359
2 537 429
1 476 338
2 545 429
4 494 437
1 536 330
3 557 357
3 533 328
4 457 400
3 563 376
4 463 390
1 467 355
3 559 344
1 525 341
1 548 341
4 476 425
2 548 429
2 471 423
1 552 339
3 558 423
4 529 328
2 549 432
3 537 330
2 568 369
3 563 373
3 564 355
1 522 340
2 531 434
3 565 389
4 479 336
2 470 424
4 468 422
2 559 426
1 543 337
1 508 349
1 513 343
2 459 401
1 487 339
1 478 337
1 482 334
2 558 426
4 472 342
3 541 335
3 554 340
1 549 343
1 532 327
3 562 385
3 559 343
1 484 344
1 474 339
3 565 355
1 565 354
2 495 442
1 463 389
1 515 341
3 520 444
4 462 390
1 476 337
1 522 339
2 478 432
1 506 346
4 477 383
1 545 342
2 480 427
4 462 395
4 481 368
4 471 347
1 470 342
3 521 440
4 467 421
4 461 394
4 468 352
2 523 437
1 469 342
4 465 388
2 536 428
1 502 344
1 545 341
3 565 380
3 553 384
2 504 440
4 472 427
3 556 396
3 563 358
1 505 355
1 464 358
2 490 440
4 462 402
3 562 420
2 501 438
4 468 353
3 521 441
4 464 409
4 467 343
3 549 410
4 471 427
1 552 338
4 489 439
1 470 341
1 527 331
2 543 426
4 528 328
2 555 433
3 566 380
4 467 422
3 564 377
4 527 328
2 496 440
4 466 361
1 566 364
1 529 327
4 478 336
2 562 421
4 477 336
1 487 338
1 487 337
3 559 404
1 505 354
1 497 349
1 490 347
4 460 403
4 530 329
1 534 333
1 541 334
1 501 349
4 475 431
2 461 409
2 457 401
3 559 423
4 473 386
1 465 359
2 539 422
3 522 440
1 486 347
2 564 403
3 562 386
4 485 435
1 517 347
2 489 440
1 522 338
1 542 336
1 546 342
2 520 445
4 489 436
4 526 331
4 473 367
1 494 341
3 565 360
4 486 378
2 457 402
2 459 402
3 567 366
4 475 369
2 532 433
4 476 382
2 561 422
1 567 365
4 529 329
4 475 432
1 478 335
1 567 364
4 493 444
2 517 442
2 506 447
2 535 434
1 537 329
1 558 342
2 471 428
3 511 448
3 565 362
2 553 430
1 472 341
4 470 372
2 517 443
1 496 340
1 537 328
4 462 389
4 472 384
4 471 429
2 469 424
2 469 425
2 464 416
2 485 436
1 558 341
2 545 430
4 528 329
1 567 363
4 492 443
3 521 445
1 498 346
4 474 369
4 472 387
4 481 373
4 471 346
2 499 435
3 562 399
4 471 371
2 532 434
1 521 347
2 484 434
4 456 400
1 533 327
1 555 340
4 456 402
1 515 340
2 557 436
2 542 431
2 464 417
3 520 443
4 471 384
1 541 333
1 490 346
3 566 360
3 557 432
4 460 405
3 522 441
2 561 423
2 484 435
1 481 335
2 545 431
4 459 403
2 544 428
3 543 407
3 557 396
1 534 332
4 471 426
4 493 441
4 484 436
4 455 402
3 565 402
4 492 441
2 483 422
3 556 340
3 563 385
1 514 349
1 536 329
4 505 446
3 550 410
2 542 432
3 566 362
4 480 380
1 521 346
4 492 444
4 461 392
2 568 370
4 466 422
4 483 436
1 513 342
4 475 382
1 472 340
2 475 433
4 461 406
2 493 445
3 569 368
3 563 420
2 542 433
1 484 343
1 524 335
1 568 366
2 497 438
2 475 434
4 527 330
2 496 441
3 566 398
1 492 338
2 520 446
4 464 388
1 530 327
2 559 427
1 484 342
3 559 382
4 464 413
3 561 418
1 489 345
2 549 433
4 477 335
3 560 427
2 486 436
2 544 429
4 475 337
1 510 353
4 474 430
2 486 437
3 557 433
3 523 441
4 461 390
2 538 419
2 532 435
3 555 430
2 462 412
3 566 402
3 565 401
2 518 443
2 492 445
1 486 346
3 565 403
4 485 437
1 565 353
1 488 344
2 501 439
2 543 427
2 460 406
3 554 339
2 501 440
4 472 367
2 563 421
2 507 445
4 461 411
3 544 406
3 565 361
2 546 425
2 487 434
3 558 396
3 554 414
1 517 346
2 487 435
2 485 438
2 488 436
3 550 408
1 550 344
4 468 362
3 567 398
4 472 357
1 529 326
1 531 327
3 558 431
3 558 356
4 466 355
2 554 434
4 491 443
1 521 345
3 566 389
4 461 389
4 485 378
2 551 428
4 473 344
3 560 394
4 470 346
4 528 326
4 465 361
1 474 338
1 466 354
1 505 353
1 547 341
4 479 380
2 470 425
1 536 328
1 528 325
3 560 426
4 464 361
3 511 447
1 566 359
2 566 403
1 565 352
3 558 428
3 567 362
2 529 434
1 468 342
2 487 436
1 561 348
2 479 432
4 460 394
2 460 407
4 473 369
4 463 361
2 467 423
2 569 369
2 474 431
1 458 397
1 499 348
4 473 338
4 470 426
1 528 324
3 564 385
2 522 442
1 500 340
4 468 364
2 554 435
4 463 413
4 504 446
3 562 375
2 488 437
4 467 342
2 486 438
3 512 448
2 563 422
1 493 342
1 493 341
1 467 341
4 467 350
1 477 334
3 544 337
1 537 327
4 484 437
2 485 439
1 550 343
3 542 335
4 490 443
1 568 365
1 463 360
1 518 348
3 522 438
2 484 438
4 526 330
3 567 393
2 480 428
2 530 434
4 491 444
1 553 338
2 563 423
1 481 334
4 480 368
1 529 325
1 532 326
4 482 436
2 515 441
2 538 420
4 462 413
4 472 344
4 484 378
2 474 432
2 516 442
1 505 352
4 488 440
1 564 354
4 467 362
1 508 348
3 538 328
4 527 329
3 570 368
2 568 371
3 568 363
3 539 328
1 479 335
3 558 357
1 471 342
3 564 372
4 474 433
3 567 402
4 465 422
1 489 344
2 526 429
1 503 343
3 559 356
1 547 340
3 570 369
2 526 430
3 569 370
4 460 396
2 458 401
2 477 432
3 567 359
2 535 435
1 517 345
4 525 331
2 490 444
4 489 443
4 466 350
1 500 339
1 527 327
3 569 363
2 544 430
1 479 334
2 535 436
4 483 438
4 464 422
2 496 442
2 533 434
2 533 435
3 569 371
3 565 385
4 457 399
3 562 419
2 458 402
2 495 443
3 523 442
3 568 364
2 545 432
2 506 448
4 470 347
3 533 326
1 508 347
2 497 439
2 459 404
4 469 418
4 459 394
1 462 388
4 460 389
1 467 340
1 478 334
4 492 442
3 523 438
1 567 358
1 568 362
2 540 430
1 515 339
2 523 443
2 514 444
3 564 423
3 549 405
3 563 347
2 560 428
1 520 342
4 460 409
3 561 394
3 567 403
2 536 429
4 455 400
4 462 361
1 536 327
1 487 336
2 545 433
1 557 342
4 456 401
1 567 357
1 546 341
4 460 411
3 566 361
4 471 344
3 568 357
1 510 352
1 485 347
1 543 336
1 455 399
4 466 342
4 460 392
2 462 414
1 461 388
3 566 353
1 499 347
3 559 387
1 455 398
2 478 433
2 567 404
1 484 341
1 543 335
2 477 433
4 459 407
4 454 398
4 468 424
3 568 391
1 518 347
2 509 448
3 524 438
1 456 399
3 563 386
1 553 337
1 497 348
2 563 424
2 479 433
1 460 388
1 490 345
3 558 436
2 550 430
4 491 445
4 465 350
2 477 434
4 464 391
4 468 418
4 470 427
3 561 428
4 458 403
4 471 367
2 543 428
4 455 401
1 538 327
4 461 361
1 542 334
3 567 360
1 470 340
4 478 380
1 475 336
4 458 404
1 568 356
1 475 335
1 486 345
4 473 345
2 519 445
4 464 350
1 551 338
3 563 349
2 542 434
1 558 340
4 469 419
2 470 428
4 484 439
1 458 396
3 558 395
3 525 438
3 565 372
4 467 352
4 491 441
4 470 367
3 538 329
4 471 357
4 480 385
4 474 376
1 528 323
4 527 326
2 510 449
2 489 444
2 483 439
3 564 373
2 456 403
3 563 375
4 461 395
2 569 372
3 558 435
4 474 434
1 548 340
1 479 333
1 493 340
2 465 423
2 536 430
3 569 367
3 567 353
1 495 344
1 509 358
1 461 360
2 471 430
1 538 326
3 567 381
3 560 382
1 476 336
4 461 410
3 560 343
3 513 448
3 564 349
2 474 435
1 548 339
3 568 393
4 524 331
3 537 331
4 470 384
4 479 381
3 544 407
1 536 326
1 511 356
2 548 430
1 517 344
3 565 373
1 521 344
1 570 367
1 520 341
3 562 394
2 525 439
3 563 350
3 539 332
1 479 332
3 524 442
3 559 395
2 488 441
2 471 431
4 466 343
3 561 343
1 496 339
2 499 436
3 559 345
3 569 364
1 493 339
2 460 412
2 517 444
1 514 348
1 536 325
3 529 323
2 503 443
3 571 367
1 486 344
4 454 400
1 539 327
4 526 326
4 467 364
4 466 341
1 489 343
2 540 431
2 468 425
2 479 434
3 563 399
1 471 341
2 499 437
4 467 424
1 498 345
3 566 390
1 496 338
1 530 326
4 490 445
2 509 449
2 495 444
2 507 446
3 521 444
2 554 436
4 470 431
4 453 398
2 536 431
4 460 410
3 565 378
4 457 396
4 463 416
4 459 406
3 566 355
3 548 411
2 525 440
4 459 405
3 564 376
4 455 403
1 500 338
2 543 429
3 560 387
4 466 421
4 459 388
2 519 446
2 475 435
1 506 345
3 561 426
2 459 408
1 478 333
2 565 404
1 478 332
4 466 352
3 559 396
1 571 366
3 561 387
3 526 439
3 559 431
1 474 337
3 570 372
2 455 404
1 538 325
4 526 329
2 558 437
4 482 438
1 546 340
3 568 403
3 569 362
2 526 440
2 512 449
1 499 346
2 485 440
4 471 387
4 527 324
4 463 350
1 484 340
1 571 365
2 509 450
4 526 328
2 532 436
2 464 423
1 509 357
1 531 326
2 526 441
3 554 338
4 469 427
1 532 325
4 459 409
2 494 446
2 479 435
4 527 323
4 508 450
2 493 446
3 527 439
3 561 374
1 475 334
1 475 333
3 564 424
1 519 357
4 473 433
3 525 442
1 483 336
1 486 343
2 511 449
1 477 333
1 504 355
2 483 440
2 476 433
2 506 449
3 555 338
1 529 322
4 469 431
1 466 340
2 504 447
3 522 445
3 562 374
1 496 337
1 476 335
4 489 445
1 561 342
4 452 398
1 513 341
2 522 446
2 516 443
4 477 332
2 517 445
3 527 441
4 473 435
1 456 398
1 470 339
2 479 436
1 475 332
2 523 444
1 477 331
3 548 409
3 560 396
3 568 353
3 523 446
2 569 373
3 514 448
1 563 346
3 568 402
1 488 343
3 571 369
2 508 451
2 542 435
3 554 415
1 534 331
1 452 397
3 549 411
2 485 441
2 534 434
3 554 337
1 475 331
1 476 334
3 547 413
1 495 343
4 469 426
2 523 447
3 564 386
4 488 444
4 469 367
1 534 330
3 559 437
3 513 449
4 461 413
4 467 418
4 488 443
4 526 324
1 555 337
1 538 324
1 561 341
3 572 367
4 472 345
3 538 331
3 556 383
2 484 440
3 564 399
1 452 396
3 560 417
3 562 426
1 512 343
1 467 339
3 560 431
1 493 338
1 459 387
3 559 436
1 499 345
4 463 423
3 564 420
3 566 378
2 517 446
4 465 355
3 549 409
3 562 341
1 477 330
2 555 434
1 543 334
2 536 432
2 516 444
3 562 343
3 524 446
2 479 437
3 571 372
3 559 340
1 472 339
3 564 375
2 482 439
3 527 440
4 458 406
2 520 447
1 496 336
3 572 372
3 545 406
3 561 431
1 549 342
2 464 424
1 541 332
3 548 413
3 565 377
1 538 323
3 561 427
2 470 432
2 571 373
3 560 436
3 556 338
2 457 403
3 524 444
4 465 354
1 545 340
3 572 365
4 471 349
1 500 337
1 481 333
1 500 336
1 460 387
1 454 397
3 559 435
1 545 339
2 490 446
3 560 340
2 547 427
4 479 368
3 568 398
2 571 374
2 473 436
3 572 366
3 558 433
4 474 382
2 469 432
1 550 342
2 497 440
4 478 437
2 493 447
4 460 390
2 498 435
4 525 324
2 567 405
4 478 381
1 523 338
3 567 378
1 538 322
2 551 429
2 550 431
4 474 334
4 472 433
3 539 329
4 462 350
1 477 329
4 474 335
2 481 431
2 473 437
2 487 437
3 570 363
1 497 347
2 552 434
3 539 331
4 466 339
1 526 323
1 542 333
1 564 348
3 572 373
2 490 447
4 472 386
2 470 433
2 520 448
4 525 328
2 530 435
3 562 351
2 460 413
4 525 326
4 464 355
1 545 338
2 567 406
3 571 368
4 472 435
2 534 435
2 510 450
2 454 401
3 569 353
4 472 338
2 564 425
1 480 334
2 481 432
2 562 427
1 522 337
1 480 333
1 459 386
2 571 375
3 573 367
1 522 336
3 544 334
4 459 389
4 454 403
4 476 329
3 570 370
1 525 323
2 486 439
2 554 437
3 551 410
1 509 356
2 505 447
2 470 434
3 564 347
2 514 449
3 572 369
3 569 398
2 479 438
2 507 447
2 509 451
4 474 331
2 531 435
1 496 335
4 473 337
2 486 440
3 562 428
1 511 355
4 451 397
2 494 447
4 463 424
4 459 413
2 548 431
4 465 421
2 478 438
1 485 346
1 558 339
1 463 349
2 547 428
3 568 360
2 569 399
2 481 433
3 523 445
1 533 325
2 511 450
3 561 417
2 543 430
4 458 407
1 567 352
1 526 322
1 496 334
1 487 335
1 487 334
4 473 331
1 554 336
4 471 345
3 539 323
2 571 376
4 453 403
2 516 445
2 491 446
2 524 447
3 568 405
4 470 371
2 499 438
1 547 339
4 487 444
1 497 346
2 502 441
1 543 333
2 524 448
4 475 366
3 555 414
1 467 338
4 467 420
3 567 355
3 565 348
2 551 430
2 473 438
1 538 321
2 500 433
1 482 333
4 483 378
1 565 347
1 486 342
3 539 324
4 480 373
2 494 448
1 517 343
3 526 442
1 454 396
1 460 386
1 487 333
4 524 326
2 550 432
2 529 435
2 478 439
4 468 419
3 568 355
2 570 373
4 524 324
2 540 432
1 462 349
2 467 425
3 566 354
1 549 341
1 568 352
3 565 386
4 458 387
3 573 366
1 547 338
4 461 349
4 472 331
3 528 440
3 524 445
4 470 429
4 460 395
3 574 366
4 469 346
1 539 322
4 523 324
3 562 418
2 513 450
2 464 425
4 458 388
4 479 379
2 494 449
2 553 431
1 549 340
2 460 414
3 571 370
2 459 414
2 481 434
2 510 451
1 539 321
3 525 444
4 477 381
4 463 358
3 572 376
2 548 432
1 506 344
2 568 406
1 556 337
2 492 446
2 502 442
4 526 327
3 569 391
1 493 337
4 477 380
2 475 436
4 460 361
3 573 376
3 558 416
1 531 325
3 563 351
2 506 450
3 569 355
2 526 443
2 483 441
4 458 409
2 574 367
2 486 441
2 574 368
1 481 332
4 458 405
4 460 349
1 552 337
2 493 448
2 487 445
2 565 405
4 451 396
3 560 345
2 467 426
4 489 446
1 548 338
1 546 339
4 466 362
3 565 423
2 472 436
1 459 385
1 563 345
3 570 391
4 474 370
3 560 435
3 570 362
2 535 437
1 569 352
4 476 380
2 469 433
3 567 390
3 567 380
1 453 397
2 505 448
4 459 392
2 455 405
1 508 346
3 568 379
4 465 342
1 548 337
3 542 332
3 565 349
1 463 348
2 500 434
2 458 410
3 569 360
4 474 366
2 572 377
3 563 400
3 571 391
4 507 451
2 494 450
2 476 434
1 471 340
3 569 406
1 520 340
2 489 447
2 568 407
4 477 439
3 569 379
4 453 400
2 479 439
2 521 446
3 560 437
4 467 419
3 551 412
4 460 360
2 564 426
4 537 321
1 517 342
3 560 395
2 563 425
3 563 418
1 483 335
3 568 381
4 468 431
3 564 346
1 535 332
2 492 447
3 574 376
3 525 447
2 574 377
3 558 432
2 490 448
2 533 436
2 533 437
4 450 397
1 508 345
2 508 452
2 485 442
1 564 345
1 556 336
2 454 404
2 570 392
3 529 440
4 457 387
1 566 352
4 474 333
2 466 423
3 538 330
1 572 364
4 489 448
3 511 451
3 555 415
1 560 339
3 570 352
3 528 441
3 562 387
3 561 436
3 573 372
2 532 437
3 556 415
2 471 432
1 468 341
1 455 397
3 566 348
4 473 382
3 566 401
4 467 351
2 521 447
1 506 343
2 531 436
1 457 386
4 472 337
3 552 412
2 568 408
3 566 347
1 455 396
1 534 329
1 507 361
3 570 399
3 540 321
4 453 404
4 476 383
2 470 435
4 470 357
1 500 335
1 559 339
1 473 330
1 528 322
4 457 407
1 515 338
1 459 384
1 557 341
2 473 439
4 478 379
1 569 351
4 457 410
1 562 340
1 537 320
2 460 415
4 459 390
2 560 438
3 568 378
2 471 433
3 563 394
2 521 448
2 524 449
4 458 389
2 460 416
2 500 435
2 452 399
2 450 398
4 459 361
2 542 436
3 563 428
4 536 320
1 559 338
3 544 335
4 480 377
2 567 407
4 451 399
4 465 340
4 478 368
1 465 339
2 456 404
1 459 360
4 470 430
3 557 415
1 573 365
3 575 366
2 533 438
3 539 330
1 542 331
2 504 448
4 452 403
2 560 439
2 569 407
3 564 350
3 526 444
4 456 386
4 462 358
2 515 442
4 472 437
3 569 405
1 550 341
1 500 334
3 573 373
3 559 433
3 568 359
3 569 356
2 550 433
1 524 323
3 570 407
3 549 413
3 540 327
1 531 324
4 468 433
2 560 440
4 465 343
3 572 375
2 523 448
4 507 452
4 450 396
1 498 344
3 569 402
3 569 381
4 469 357
4 458 414
1 504 354
3 566 349
4 464 342
2 520 449
2 521 449
4 463 417
2 533 439
3 564 421
2 459 415
3 545 335
3 558 415
1 559 337
1 572 363
2 556 435
1 540 320
2 454 405
3 567 401
3 509 452
2 531 437
2 550 434
2 569 408
1 479 331
4 457 389
2 560 441
3 565 426
3 570 360
2 531 438
2 568 409
1 519 356
3 557 383
2 544 431
4 479 377
1 547 337
4 458 384
1 482 332
3 569 378
4 469 372
1 479 330
4 459 349
4 472 439
4 464 421
4 457 384
3 565 424
1 510 351
3 568 404
3 573 364
1 525 322
1 485 345
2 478 440
2 463 425
1 516 351
1 554 335
4 462 423
3 561 395
4 456 384
3 541 320
1 509 355
1 561 340
1 461 348
1 474 330
3 563 340
2 491 447
3 574 365
2 523 449
4 463 359
4 469 428
2 563 429
2 562 429
2 462 424
4 463 421
3 574 372
4 458 360
2 545 434
2 474 436
3 573 375
3 545 334
1 525 321
2 535 438
4 475 380
3 561 435
2 515 443
3 554 384
1 471 339
3 555 384
2 564 427
3 569 359
4 458 385
2 538 421
3 567 389
4 473 333
3 570 402
3 553 412
2 487 446
2 487 447
1 527 322
3 572 374
4 463 342
3 564 340
4 458 392
3 563 343
1 525 320
1 506 342
1 542 330
3 567 361
4 493 449
3 541 327
4 472 438
4 458 408
4 524 321
4 465 362
4 458 415
2 469 434
2 453 405
2 542 437
4 487 443
3 540 329
1 505 351
1 572 362
1 456 383
3 570 359
1 499 344
2 554 438
2 559 438
2 455 406
4 450 399
1 482 331
2 538 422
2 536 433
1 531 323
3 572 391
2 556 436
2 484 441
3 559 416
4 459 411
4 468 432
3 571 392
2 540 433
2 541 419
1 476 328
3 573 374
3 570 405
4 486 447
4 458 411
1 544 333
3 564 400
4 457 409
4 459 412
2 530 436
4 486 445
1 496 333
2 520 450
3 570 406
4 477 379
2 559 439
1 518 346
4 506 451
3 540 328
1 525 319
1 463 341
3 564 429
1 465 338
2 566 404
4 464 340
3 573 369
2 530 437
1 476 327
3 565 346
2 566 405
1 531 322
3 570 351
2 467 427
4 452 404
2 484 442
2 514 450
4 456 387
1 476 326
4 455 387
4 461 423
1 485 344
2 540 434
3 512 451
4 466 426
4 482 378
1 466 338
2 461 424
1 497 345
1 575 365
4 483 442
3 542 320
1 532 324
3 554 412
2 468 434
2 548 433
3 575 367
3 560 338
3 574 373
2 547 429
1 480 332
3 565 425
3 545 333
4 457 411
3 527 442
4 458 413
3 542 327
1 459 348
2 570 408
1 476 325
3 571 405
4 474 380
2 551 431
1 547 336
1 570 350
2 461 425
1 472 330
1 460 348
1 549 339
1 514 347
1 520 339
4 463 391
3 575 377
2 557 437
2 553 432
2 532 438
4 475 327
3 555 412
2 525 448
1 572 361
1 465 337
1 547 335
3 570 378
3 576 367
2 459 416
3 560 416
4 467 432
2 476 435
4 523 323
1 550 340
1 485 343
1 526 321
4 452 405
2 475 437
2 576 368
2 454 406
2 557 438
2 533 440
4 468 372
3 571 350
3 571 406
4 522 324
4 468 367
4 464 354
3 556 430
2 573 377
2 474 437
4 467 431
4 481 375
4 466 418
3 571 359
4 475 325
1 481 331
1 526 320
3 525 449
3 568 390
4 479 373
2 458 416
4 472 333
3 565 400
4 454 387
1 534 328
1 460 347
2 569 409
3 558 383
3 567 348
1 485 342
3 571 408
1 467 337
2 554 439
1 565 345
1 570 349
4 463 355
4 471 437
1 524 320
4 464 337
2 510 452
2 509 453
4 456 409
4 523 321
2 454 407
2 554 440
3 559 415
3 577 368
4 524 319
1 518 345
2 485 443
3 572 359
3 568 380
2 483 443
3 556 384
2 541 420
2 517 447
1 559 336
4 478 373
4 468 357
4 464 339
1 471 338
2 568 410
4 465 352
3 571 378
2 473 440
1 511 354
3 562 417
3 566 386
4 457 413
1 483 334
4 471 438
3 511 452
2 458 417
4 481 378
3 561 441
2 496 443
4 463 339
1 569 350
3 573 391
4 485 447
1 526 319
2 520 451
3 575 373
1 539 320
1 512 342
3 570 409
4 459 347
2 565 427
1 491 336
2 474 438
1 500 333
4 457 392
2 474 439
1 496 332
2 491 448
3 566 423
3 572 370
3 566 426
2 515 444
4 476 379
4 470 437
2 499 439
1 491 335
3 570 353
3 565 397
2 555 435
3 561 440
1 537 319
2 472 440
1 486 341
2 512 452
3 543 331
2 573 392
1 524 318
4 457 408
2 475 438
2 525 450
2 570 410
3 574 392
1 563 339
2 478 441
1 576 366
3 574 364
2 469 435
1 477 328
2 545 435
4 480 378
1 530 325
3 570 355
3 569 403
1 544 332
3 539 325
4 467 357
2 524 450
2 569 410
4 472 382
3 576 365
3 525 318
2 508 453
2 567 408
4 486 446
3 574 375
2 477 440
4 467 434
3 560 344
3 556 414
1 550 339
4 469 429
2 457 414
3 575 372
2 500 436
2 573 393
3 577 365
3 565 420
1 567 347
2 454 408
3 570 371
1 524 317
2 565 428
1 554 334
4 458 348
1 485 341
4 474 332
1 457 383
4 466 420
4 475 329
3 539 326
4 471 333
4 456 413
2 490 449
3 561 416
1 523 320
2 491 449
4 449 397
2 455 407
4 479 378
4 459 395
2 496 444
2 449 398
1 478 331
2 542 438
2 474 440
1 511 353
1 510 350
4 522 323
3 577 367
3 571 352
4 482 442
2 497 441
3 573 361
4 463 354
4 456 414
1 482 330
2 561 442
3 577 366
4 457 388
1 544 331
1 454 386
4 475 365
2 545 436
2 550 435
3 567 426
3 575 392
3 566 346
1 538 320
3 568 401
3 572 408
2 498 436
1 452 395
4 473 335
3 572 352
4 468 429
3 572 350
4 463 337
1 574 363
2 566 427
1 517 341
1 501 348
2 541 421
1 547 334
1 549 338
3 563 417
3 573 352
1 485 340
3 557 414
4 453 401
3 545 331
3 540 326
2 564 430
3 578 367
2 553 433
3 525 446
3 565 340
2 549 434
4 523 317
2 480 429
4 476 381
4 460 423
3 521 451
1 501 347
3 579 367
4 467 367
1 491 334
1 461 347
4 473 370
3 571 399
4 457 417
1 487 332
3 572 399
2 499 440
4 474 327
3 567 354
4 455 384
2 467 435
1 578 366
4 458 361
1 555 336
2 569 411
3 574 369
3 550 413
3 579 366
4 473 380
4 522 320
2 457 418
1 476 324
4 455 409
4 493 450
4 521 320
3 574 393
4 467 429
4 452 400
4 469 371
1 511 352
2 498 437
3 561 438
4 477 373
2 474 441
1 558 338
4 457 415
3 571 355
1 533 324
1 475 324
4 472 370
1 575 364
3 557 384
2 565 429
4 466 429
1 500 332
2 472 441
1 474 326
3 572 405
2 549 435
1 557 340
3 562 342
2 480 430
2 504 449
3 572 406
4 485 445
2 504 450
4 465 420
3 540 322
1 460 346
2 543 431
4 456 418
3 561 439
2 573 394
1 484 339
2 548 434
3 570 403
2 512 453
4 451 404
3 562 416
3 543 330
2 476 436
3 541 328
4 462 359
3 574 394
1 517 340
4 484 447
1 451 395
1 522 319
2 524 451
3 570 356
2 469 436
2 453 406
1 449 396
4 478 377
2 451 405
1 545 330
2 450 400
3 571 403
3 560 433
3 563 342
1 469 341
3 561 433
3 571 349
1 502 343
1 549 337
4 466 434
2 459 417
1 543 329
4 452 406
1 481 330
1 527 321
1 557 339
1 556 335
2 469 437
1 517 339
3 568 347
2 502 443
3 575 376
3 573 370
3 575 393
2 502 444
4 448 396
1 579 365
4 466 364
4 471 439
3 566 385
3 546 331
3 566 345
2 448 397
1 475 323
3 562 439
3 562 388
3 543 327
1 535 331
4 473 366
3 574 370
2 456 419
2 491 450
4 520 320
3 575 375
1 495 342
2 549 436
2 489 449
4 485 446
2 530 438
2 505 449
1 473 329
3 526 448
1 481 329
3 566 420
3 572 378
2 530 439
4 453 387
4 471 441
3 569 404
2 567 427
2 522 447
2 528 442
3 544 327
2 514 451
1 541 319
2 558 438
2 540 435
3 560 336
4 472 329
3 573 405
3 542 328
2 519 447
1 471 332
1 459 346
1 564 339
2 500 437
4 458 349
3 578 368
1 550 338
3 541 321
2 560 442
2 518 444
3 525 445
3 567 385
3 526 318
3 526 449
1 453 386
1 530 324
1 540 319
1 517 338
2 458 418
1 457 382
2 539 423
1 516 350
4 471 329
1 550 337
2 483 444
1 521 319
4 466 351
3 575 394
3 563 439
1 549 336
4 470 438
1 459 345
3 525 451
1 518 344
4 463 340
4 474 324
1 533 323
4 451 403
2 500 438
2 527 443
4 467 353
2 526 450
4 522 317
4 457 361
3 570 379
3 576 394
1 484 338
4 474 365
3 527 444
3 543 328
4 522 321
4 453 408
1 565 339
4 506 452
1 534 327
4 507 453
1 487 331
3 561 437
3 556 412
4 455 413
4 458 347
3 576 373
4 471 330
1 526 317
2 526 451
4 464 362
1 559 335
3 561 338
1 571 348
1 501 346
1 455 383
1 570 348
1 491 333
3 564 418
2 454 409
1 470 338
1 454 385
4 457 348
4 471 370
3 561 396
4 457 416
4 463 422
4 474 336
3 528 444
1 504 353
4 477 377
3 562 338
4 457 349
2 448 398
2 484 448
1 480 331
1 527 320
3 540 323
2 540 436
2 486 448
4 466 427
4 462 337
4 474 323
4 447 396
2 466 435
2 566 428
3 567 345
3 542 319
1 490 344
3 579 368
4 476 373
3 560 335
2 472 442
1 526 316
1 508 344
1 491 332
3 564 439
3 562 435
2 487 448
3 563 416
2 571 409
4 484 446
4 465 434
4 456 411
4 450 404
2 465 435
1 510 349
1 472 328
3 573 408
4 450 395
1 534 326
2 527 445
4 458 394
1 464 336
4 461 358
1 510 348
1 576 364
2 516 446
1 569 349
2 483 445
1 465 336
4 466 431
1 561 337
2 505 450
3 574 374
4 521 317
2 473 441
1 570 347
3 577 394
1 458 346
4 461 337
3 568 385
1 523 316
1 468 340
4 453 407
3 563 435
4 483 447
4 464 343
4 446 396
3 567 386
4 471 442
4 472 369
4 477 368
1 500 331
4 452 387
3 566 397
4 454 402
1 559 334
1 563 338
1 458 345
3 567 423
4 460 358
1 456 382
3 568 423
2 450 405
3 562 431
1 508 343
1 546 330
3 576 375
2 470 439
3 574 352
4 523 318
3 566 339
2 479 440
1 547 333
1 555 335
4 467 433
4 462 341
4 462 421
4 465 431
3 547 330
3 561 336
2 524 452
2 446 397
3 564 416
1 535 330
4 462 391
4 462 354
4 445 396
3 543 320
1 545 329
1 547 329
2 451 406
1 556 334
1 546 329
4 470 330
3 569 390
3 568 386
3 564 417
4 456 415
1 558 337
2 564 440
4 483 448
2 476 437
1 502 342
3 563 341
1 491 331
2 489 450
1 451 394
3 562 396
4 478 378
3 577 373
3 574 361
2 538 423
4 453 385
2 530 440
3 545 332
4 455 419
1 447 395
3 575 374
1 531 321
3 541 326
1 541 318
4 465 426
4 457 347
3 558 434
2 477 441
4 468 437
1 551 337
1 514 346
1 571 347
1 517 337
2 456 420
4 519 320
4 466 363
2 557 439
4 456 349
3 571 356
1 463 336
2 557 440
1 500 330
1 565 338
1 511 351
3 557 412
3 577 364
3 576 393
2 482 443
4 455 349
3 571 360
2 458 419
2 485 448
4 463 343
2 541 422
2 475 439
1 493 336
1 488 342
3 576 377
4 505 451
3 548 329
1 569 348
3 570 381
1 468 339
3 573 362
4 454 419
4 456 410
1 462 336
1 453 384
4 463 362
3 562 438
4 473 376
2 513 451
4 506 453
3 560 334
1 475 322
2 481 435
2 517 448
3 571 381
2 518 445
1 509 354
1 471 328
3 569 380
1 522 316
3 527 451
3 540 324
3 565 416
2 531 439
2 566 429
4 462 340
3 575 352
3 574 405
4 450 403
1 504 352
1 574 351
3 565 430
2 505 452
2 517 449
3 561 382
3 572 349
2 578 369
1 540 318
2 455 420
4 468 428
2 515 445
1 459 344
4 505 453
3 548 330
3 569 385
3 580 368
3 573 378
3 551 413
3 578 373
4 472 380
3 574 362
3 568 427
4 522 318
1 491 330
1 476 323
1 529 321
3 570 385
2 541 423
2 516 447
4 469 438
1 519 319
4 470 333
4 454 349
3 562 436
1 474 322
2 542 439
1 504 351
4 447 398
4 451 387
4 473 322
2 467 436
2 553 434
3 563 388
3 576 374
1 448 395
3 567 397
1 470 329
3 561 335
4 472 322
3 528 445
2 488 445
1 544 326
4 452 401
3 545 326
2 509 454
1 568 346
2 460 424
3 544 328
4 456 347
1 483 333
2 506 454
4 446 395
3 562 437
4 465 363
3 578 364
2 479 441
4 464 426
1 576 363
4 482 445
3 528 443
1 496 331
1 527 319
2 528 446
3 566 430
4 456 361
4 475 373
3 526 447
2 486 449
3 540 325
4 446 398
1 525 317
1 470 328
2 483 449
1 511 350
1 556 333
1 451 386
3 566 400
3 574 391
4 455 415
2 529 441
1 462 335
3 562 337
2 579 369
1 557 338
1 511 349
3 572 356
2 504 451
3 580 367
3 568 426
1 500 329
3 562 441
4 481 445
3 542 321
4 481 443
2 457 419
1 462 334
2 499 441
3 545 328
1 563 337
3 570 398
1 509 353
4 454 413
2 483 450
1 506 341
1 454 348
2 527 452
2 462 425
1 555 334
1 572 348
4 464 431
2 566 431
4 503 451
3 573 356
4 469 329
2 503 452
1 446 394
3 570 380
4 469 330
1 548 328
3 527 316
3 559 383
4 462 355
2 496 445
4 450 406
2 550 436
2 494 451
2 565 431
2 445 397
4 454 415
1 474 321
4 472 366
2 559 440
3 569 426
2 572 409
3 576 376
4 467 428
1 471 327
2 480 431
4 466 353
4 474 373
4 480 445
3 563 419
1 503 342
4 458 344
4 453 348
2 524 453
3 569 357
4 466 428
1 547 328
3 574 378
4 455 382
4 452 384
3 564 342
1 470 327
2 566 432
2 485 449
4 473 321
2 495 445
3 569 427
1 505 350
2 450 407
4 479 445
2 522 448
3 577 363
1 497 344
3 545 327
1 567 344
4 470 442
1 504 350
4 482 448
1 507 360
1 506 340
2 527 453
4 451 384
4 464 338
2 572 410
3 577 376
3 562 382
3 571 380
4 470 441
4 466 367
1 500 328
4 455 418
4 461 393
3 541 325
4 471 440
2 528 447
2 486 450
3 570 357
4 457 344
3 569 423
3 580 366
4 474 374
2 471 443
1 526 315
3 568 344
4 472 376
1 509 352
3 573 409
3 564 341
1 464 335
1 574 350
3 578 376
4 480 375
1 484 337
3 575 370
2 476 438
3 558 414
1 467 336
2 450 408
4 463 338
3 569 346
3 575 351
1 554 333
4 453 419
2 477 442
4 449 406
2 461 426
2 453 420
4 471 366
2 473 442
4 456 344
1 493 335
2 520 452
2 566 433
2 496 446
4 456 416
1 574 349
3 566 424
2 547 430
1 449 395
4 462 338
2 480 446
4 482 449
1 564 338
2 446 399
4 469 430
4 462 343
2 464 432
1 457 343
3 566 338
3 570 426
1 577 362
4 467 372
2 532 439
3 562 442
4 454 383
2 481 446
4 520 317
2 495 446
2 485 450
1 519 318
1 568 343
3 572 381
2 574 406
4 460 337
1 470 326
1 578 363
4 450 387
1 474 320
2 477 443
2 498 438
3 575 405
4 459 337
3 527 449
4 464 363
4 473 320
1 464 334
3 580 365
4 470 332
1 487 330
2 543 432
2 485 451
3 569 344
3 549 328
3 567 420
1 523 315
3 572 403
1 532 323
1 459 336
1 546 328
4 476 368
2 552 435
4 469 442
4 471 369
4 475 368
3 567 424
4 455 414
4 453 409
1 461 336
3 528 449
3 571 398
2 535 439
3 577 393
2 480 447
1 555 333
4 461 359
4 464 435
2 523 450
3 527 317
3 570 423
2 566 434
1 568 342
2 514 452
1 476 322
4 449 408
1 565 337
1 490 343
1 473 319
1 498 343
2 523 451
2 577 395
2 511 453
4 452 348
3 563 441
1 510 347
4 461 335
3 563 436
1 578 362
2 482 450
3 567 400
4 455 411
3 567 339
4 468 329
2 529 442
3 571 379
1 461 334
1 516 349
1 554 332
1 577 361
1 571 346
3 568 358
3 568 397
2 486 451
1 502 341
3 569 401
1 531 320
4 460 425
3 581 367
4 468 442
4 452 409
2 492 448
3 572 379
1 482 329
4 454 382
3 528 453
4 473 323
4 465 427
4 466 436
4 459 425
3 576 370
3 571 423
2 560 443
1 445 395
3 571 371
3 569 358
2 515 446
1 448 394
4 462 422
3 574 409
2 478 442
1 508 342
4 453 413
2 538 424
3 568 354
1 535 329
1 479 329
3 575 406
4 461 340
3 527 315
1 566 337
3 529 453
1 509 351
1 581 366
4 521 316
2 498 439
1 518 343
3 576 372
2 532 440
1 448 393
4 451 409
4 472 319
2 537 430
2 456 421
2 499 442
1 520 316
4 459 423
4 452 419
2 475 440
1 576 362
3 575 349
4 476 377
4 465 436
3 567 433
4 444 396
3 565 418
3 582 366
1 515 337
1 549 327
1 552 336
4 461 341
3 529 447
3 583 366
3 577 377
1 494 340
3 529 444
1 454 347
1 508 341
3 530 453
3 579 364
3 568 400
1 546 327
4 465 364
1 515 336
4 505 454
3 563 437
2 507 454
2 453 421
4 473 374
3 510 454
2 501 441
3 575 409
3 563 387
3 559 414
2 548 435
3 569 397
3 527 450
2 515 447
4 465 353
4 465 428
2 464 436
1 483 332
4 445 398
2 449 409
2 512 454
1 503 341
2 549 437
2 515 448
3 578 361
3 569 386
1 485 339
4 473 373
1 565 336
3 562 335
1 456 343
2 468 443
3 572 398
2 469 443
2 455 421
2 458 420
1 534 325
1 535 328
3 564 435
4 459 424
3 566 425
3 555 332
4 470 369
1 552 335
3 576 351
3 558 412
4 456 388
1 519 317
3 581 365
3 572 423
1 583 365
3 571 426
1 524 316
2 574 410
2 524 454
4 464 434
1 537 318
3 528 451
4 470 370
3 564 387
3 573 403
4 460 359
2 547 431
4 465 429
2 455 422
4 456 392
3 529 446
4 455 388
2 516 448
1 492 337
4 469 369
3 573 348
3 580 369
3 560 383
3 569 342
2 543 433
4 519 316
2 471 444
2 526 452
1 453 347
4 467 442
4 504 454
1 454 346
2 558 439
4 461 355
1 466 337
4 472 373
4 461 391
3 567 430
2 458 421
2 480 448
1 496 330
1 570 346
2 530 454
3 579 363
1 497 343
1 518 342
4 444 398
4 458 336
4 464 352
3 570 344
3 571 402
1 483 331
4 461 354
3 570 397
4 466 372
2 520 453
1 539 319
4 453 383
4 463 434
3 528 315
3 530 444
2 484 449
3 563 438
2 505 455
4 444 397
4 458 425
2 459 426
1 462 333
2 474 442
2 540 437
2 446 400
1 536 319
1 552 334
4 463 363
3 577 374
1 569 341
3 573 399
1 444 395
2 525 452
4 518 317
3 530 446
1 581 364
3 564 436
3 581 369
3 569 343
4 449 403
4 460 334
1 544 325
2 576 395
1 479 328
4 463 352
4 461 338
3 565 417
3 541 323
4 455 361
3 550 327
3 573 381
3 565 387
2 566 435
3 549 329
3 561 383
1 445 394
1 578 360
4 462 352
4 458 412
3 582 364
2 548 436
2 497 442
4 469 370
1 518 316
2 453 422
2 445 399
4 479 447
3 579 373
2 468 444
4 457 412
1 534 324
1 468 328
2 562 443
4 517 316
2 547 432
2 534 436
2 563 442
2 532 441
1 561 334
1 567 338
4 448 409
4 455 343
1 495 341
3 566 417
4 459 359
4 517 317
1 466 336
4 460 391
2 460 426
4 451 348
4 443 395
2 460 427
4 449 407
4 454 411
4 458 390
1 542 318
1 488 341
3 577 370
3 552 413
1 546 326
3 576 392
2 502 445
1 453 346
2 521 452
2 451 410
4 516 317
3 568 339
3 529 449
3 579 362
4 452 385
1 477 327
3 550 328
2 511 454
2 576 396
2 573 410
4 452 346
4 468 438
3 570 341
3 568 338
3 551 327
1 492 336
3 584 365
3 570 342
1 582 363
3 569 339
2 505 456
1 482 328
1 484 336
2 474 443
1 550 326
4 457 360
3 566 416
2 483 451
1 450 386
3 572 426
3 572 347
4 450 410
3 527 448
3 568 345
4 452 347
1 488 340
3 583 363
4 462 362
2 448 410
2 577 396
4 479 448
4 452 420
4 443 398
2 466 437
1 498 342
2 558 440
2 564 441
3 556 332
3 530 447
4 471 319
4 477 378
1 462 332
1 519 315
1 493 334
2 559 441
1 581 363
3 575 350
4 518 318
2 469 444
3 578 370
3 569 345
3 543 318
1 475 321
1 461 333
3 577 351
1 566 336
2 507 455
2 466 438
1 451 347
1 450 385
1 453 345
4 460 335
2 469 445
1 579 361
1 555 331
2 583 367
3 531 453
3 578 351
2 570 427
3 573 398
3 570 345
3 569 354
4 453 382
1 498 341
3 570 386
3 565 436
3 531 444
2 574 411
1 562 334
2 487 449
1 562 333
3 584 366
2 572 427
2 487 450
3 567 431
4 459 427
4 468 445
2 485 452
4 467 444
1 498 340
4 515 317
4 455 344
4 449 405
4 448 407
4 474 325
4 468 369
2 579 374
1 520 315
2 559 442
3 528 316
2 495 447
1 565 335
4 465 351
1 577 350
4 471 331
3 564 437
2 556 437
4 458 426
4 461 350
2 517 450
3 567 434
2 576 397
4 453 415
1 571 345
1 486 340
3 571 407
1 497 342
1 524 315
4 475 379
4 454 418
2 459 428
3 565 439
3 550 329
2 478 443
3 566 439
3 585 366
3 549 330
1 447 394
3 567 432
2 494 452
1 583 362
1 580 364
2 451 411
1 554 331
1 509 350
1 514 345
1 580 363
4 449 404
2 452 421
2 585 367
1 460 333
4 468 330
2 457 420
4 461 352
3 531 454
1 514 344
4 460 341
2 484 450
3 573 347
4 514 317
1 546 325
1 481 328
4 454 414
3 569 338
2 531 455
1 530 323
2 497 443
4 458 428
2 488 446
1 562 332
1 492 335
1 456 342
1 498 339
1 454 345
3 569 400
3 570 400
1 537 317
3 565 421
1 570 340
3 574 408
1 488 339
3 563 334
2 533 441
4 465 437
1 454 344
1 516 316
3 528 448
3 544 318
4 484 452
3 573 426
2 502 446
2 539 424
2 479 449
1 505 349
3 571 341
4 460 338
2 443 399
3 532 455
2 492 449
3 584 363
1 459 335
2 451 412
2 572 428
3 570 343
4 455 392
4 473 325
4 450 411
4 479 375
3 576 406
3 574 399
2 458 429
4 468 430
1 571 340
2 561 443
4 451 346
2 573 427
4 504 456
4 452 345
3 529 316
4 467 329
3 528 450
3 579 376
1 548 327
2 449 410
3 531 447
2 571 427
2 483 452
1 559 333
2 508 454
4 450 348
2 522 449
1 545 325
4 470 331
2 558 441
4 463 436
3 567 337
4 459 341
1 458 335
1 463 335
3 567 417
4 463 431
2 474 444
3 578 377
3 572 355
1 496 329
4 445 400
2 509 455
3 568 434
4 474 379
1 560 333
3 566 421
3 568 417
3 574 427
1 493 333
4 465 438
4 447 409
1 470 325
2 560 444
1 509 349
3 576 352
2 522 450
2 580 370
2 559 443
4 471 373
4 448 408
4 452 415
2 574 428
1 510 346
4 467 330
4 463 435
2 564 442
1 563 333
2 582 367
2 503 453
4 472 320
1 454 343
1 527 314
3 572 340
1 497 341
2 528 454
4 466 357
4 466 442
3 578 350
4 478 449
4 513 317
1 467 328
3 571 357
1 481 327
3 564 388
4 469 331
4 449 348
4 457 390
2 545 437
3 551 328
2 490 450
2 521 453
3 580 373
1 467 327
1 489 342
1 576 350
1 564 337
1 512 341
3 579 350
4 446 409
3 571 353
1 581 362
2 467 445
1 557 337
1 582 362
1 498 338
3 585 365
3 573 355
3 582 369
2 466 443
4 459 338
3 580 350
4 459 391
4 457 425
3 564 334
3 564 438
1 474 319
4 466 328
4 478 448
3 577 392
2 494 453
2 476 439
3 542 323
3 570 358
4 454 388
4 460 355
4 456 389
3 575 411
1 523 314
1 454 342
1 452 344
2 549 438
2 458 430
3 564 422
3 579 360
3 571 386
2 537 431
1 474 318
2 510 455
2 490 451
4 462 363
2 486 452
1 572 339
1 512 340
1 550 325
4 453 343
3 532 447
4 465 356
3 576 409
2 559 444
4 462 339
4 473 324
3 544 320
3 506 456
4 466 327
1 447 393
4 452 383
1 556 331
3 586 365
4 458 341
2 579 377
2 527 454
3 564 419
2 471 445
4 464 353
2 466 444
2 519 448
3 572 380
3 529 445
3 545 320
1 565 334
4 458 338
4 451 345
4 446 393
2 468 446
1 547 327
2 535 440
3 578 395
3 578 393
3 571 344
1 455 342
3 578 396
4 522 314
3 568 430
4 453 342
2 508 455
1 535 327
2 569 428
4 452 382
4 472 324
2 446 410
3 529 450
3 583 364
2 467 446
1 580 349
4 455 416
3 571 358
4 449 385
4 460 352
1 499 343
4 451 421
4 473 365
4 442 399
4 449 411
1 443 394
4 471 380
3 545 318
3 571 343
3 528 452
4 470 440
3 529 315
1 444 394
4 449 387
2 575 412
1 548 326
1 525 316
2 456 422
4 518 315
3 574 381
1 567 336
1 445 393
1 449 347
1 563 332
1 445 392
1 573 346
1 530 322
4 458 391
1 509 348
2 555 436
4 448 348
2 581 370
2 512 455
1 454 341
3 568 389
4 452 342
2 454 420
2 446 411
3 579 395
1 461 332
3 551 326
1 477 326
4 457 335
4 469 439
4 458 359
3 576 411
3 565 388
1 525 315
1 463 334
3 566 418
4 457 391
4 462 435
2 554 441
2 490 452
1 472 318
1 567 335
4 459 358
2 506 457
1 534 323
3 572 353
4 450 412
1 576 349
3 574 348
1 478 330
1 513 316
3 558 384
4 451 415
4 461 339
2 493 451
3 529 451
4 504 455
2 567 435
2 490 453
2 544 432
1 504 349
1 558 336
2 521 454
2 565 440
3 577 406
2 581 371
3 507 457
1 530 321
2 508 456
2 456 423
2 442 400
4 455 423
3 585 363
1 475 320
2 457 426
4 489 453
4 445 409
2 585 368
1 515 316
4 470 380
3 575 391
4 457 338
3 569 389
1 449 346
3 566 334
4 464 356
1 552 333
4 465 328
3 574 426
1 504 348
3 575 428
4 503 455
1 476 321
