10000
512 384
513 384
512 385
513 385
4 511 385
2 511 386
3 514 385
1 512 383
2 514 386
3 515 386
2 514 387
2 513 386
4 511 384
4 510 385
4 513 387
2 514 388
3 516 386
3 513 383
3 514 383
4 509 385
2 511 387
1 509 384
2 514 389
4 510 387
4 511 383
3 515 385
2 511 388
3 515 387
2 513 388
4 508 384
4 510 386
2 516 387
3 517 386
4 509 387
1 509 383
3 515 389
4 509 386
1 512 382
3 516 385
3 517 387
4 507 384
4 508 383
1 511 382
3 517 385
2 511 389
4 510 382
3 518 385
2 510 388
2 514 390
3 513 382
3 516 389
4 508 387
2 512 386
3 514 382
1 515 384
3 518 387
3 519 385
2 509 388
4 509 382
4 506 384
2 506 385
3 517 389
3 515 383
2 516 390
4 508 382
3 516 383
1 517 384
4 505 385
2 506 386
1 517 383
2 513 389
2 519 386
1 505 384
2 517 390
3 518 390
4 510 389
3 518 383
1 507 383
2 510 390
3 519 383
1 509 381
4 504 385
3 518 389
2 516 391
3 520 383
2 513 390
4 506 383
2 520 384
2 504 386
3 521 383
2 509 389
3 510 381
1 510 380
3 521 384
2 515 390
4 508 389
4 508 388
3 522 383
1 510 379
3 511 379
4 507 389
2 514 391
4 503 385
2 516 392
2 517 391
1 509 380
1 511 378
3 511 381
4 503 386
4 505 383
3 515 382
2 516 393
2 513 391
3 512 381
3 513 381
2 522 384
2 512 387
2 522 385
1 513 380
3 519 390
1 506 382
1 518 382
3 512 379
2 506 387
3 518 391
4 505 387
3 517 392
4 505 382
3 519 382
1 506 381
4 506 389
3 512 378
1 511 377
1 518 381
1 511 376
4 505 381
2 518 392
2 520 385
2 522 386
4 502 386
3 513 378
4 512 391
4 508 380
2 514 392
3 519 389
3 514 380
1 505 380
2 506 390
4 505 390
3 514 378
2 510 391
1 510 378
2 502 387
1 517 382
4 502 385
3 519 387
1 520 382
3 513 379
4 515 393
4 513 392
1 503 384
3 512 376
2 517 393
4 507 388
1 518 380
4 504 380
2 520 386
3 519 392
1 506 380
4 506 388
1 517 381
1 511 375
2 513 393
1 515 381
1 512 375
3 515 388
3 516 388
1 502 384
3 515 378
4 509 379
2 515 394
1 509 378
3 520 392
1 516 382
3 523 385
1 505 379
3 523 386
1 514 377
1 515 377
2 513 394
4 501 385
2 502 388
3 518 393
3 516 377
3 516 394
2 507 390
4 512 394
1 510 377
1 519 381
3 521 382
3 523 384
3 524 386
1 512 374
4 509 377
1 516 376
3 520 389
4 509 391
1 523 383
2 519 393
3 513 375
4 508 391
3 519 391
3 525 386
1 511 374
2 514 393
1 525 385
3 520 391
3 520 390
2 504 387
1 525 384
1 504 379
3 517 376
3 519 380
1 501 384
3 526 384
4 505 389
4 503 379
2 525 387
3 517 394
4 511 394
4 508 377
4 512 393
1 524 385
4 504 389
3 521 390
4 501 387
2 518 394
3 514 375
3 522 382
1 516 375
4 504 381
3 526 386
4 500 384
3 520 393
4 510 375
2 524 387
1 504 378
3 527 384
2 502 389
2 520 394
4 502 379
1 522 381
4 501 386
2 501 388
1 511 373
1 508 376
4 504 383
3 528 384
4 510 394
3 521 389
1 526 383
3 517 377
3 517 388
3 518 376
2 501 389
2 527 385
1 505 378
1 516 374
3 522 389
4 499 384
1 524 384
1 502 378
2 511 395
4 512 392
4 503 380
1 518 375
3 527 386
4 500 388
3 519 375
2 512 395
4 503 381
3 517 374
1 499 383
3 528 385
3 513 395
1 512 373
3 521 393
2 518 395
3 529 385
2 514 394
3 530 385
1 530 384
2 512 396
4 504 382
4 510 373
2 502 390
2 515 395
1 517 373
2 530 386
3 523 382
3 520 380
2 512 397
3 518 388
4 502 380
3 520 375
2 519 394
2 504 390
3 527 383
2 521 394
4 499 388
4 511 392
3 514 379
2 519 395
4 500 386
2 510 395
2 513 396
4 500 385
2 505 391
4 501 378
1 501 377
1 521 381
3 518 374
1 520 374
4 504 391
3 520 395
2 502 391
1 509 376
3 521 391
1 510 372
1 521 380
2 507 391
3 515 379
2 529 386
1 507 382
3 522 391
3 523 381
3 521 392
2 501 390
4 511 396
3 511 372
4 502 381
4 500 390
4 501 379
4 501 380
3 531 386
3 526 387
2 507 392
2 499 389
1 511 371
4 510 371
4 499 386
1 521 379
3 522 392
2 530 387
3 522 380
1 523 380
2 508 392
2 505 392
1 500 383
2 512 398
4 501 391
2 513 397
1 526 382
4 498 388
1 529 384
2 505 393
3 519 388
4 500 391
2 519 396
3 531 384
2 502 392
1 516 373
1 500 382
2 519 397
4 498 386
3 516 378
3 531 385
3 523 392
1 512 372
4 501 381
1 522 379
3 523 391
4 510 374
2 520 396
4 509 371
1 508 375
4 500 378
3 521 395
1 506 379
2 507 393
4 504 393
1 511 370
2 507 394
1 508 374
4 509 372
2 514 395
3 521 374
4 499 378
2 527 387
1 515 376
1 526 381
1 508 373
2 527 388
3 522 394
2 521 396
1 512 371
3 523 394
4 508 372
3 527 381
1 520 373
3 523 389
3 517 378
1 527 380
4 507 373
3 527 382
1 504 377
1 520 372
2 499 390
4 503 393
2 531 387
4 498 383
4 497 388
3 520 397
2 511 397
3 532 386
1 514 374
2 499 391
2 512 399
4 500 381
3 528 382
1 516 372
1 512 370
3 522 395
4 498 391
2 512 400
3 519 376
2 503 394
2 505 394
1 531 383
1 505 377
2 514 396
3 513 370
1 520 371
3 522 374
3 524 391
2 516 395
4 507 375
1 500 377
4 499 385
4 511 398
3 524 389
2 508 393
1 531 382
3 523 374
1 512 369
4 498 384
3 524 374
2 507 395
3 513 369
2 514 397
4 502 394
3 521 375
2 500 392
1 532 385
4 499 392
1 511 369
1 528 381
4 500 380
1 503 378
4 510 369
2 512 401
4 509 369
4 511 400
3 524 392
1 526 380
4 499 380
1 531 381
1 528 380
2 514 398
2 506 391
3 532 387
3 513 400
2 529 387
4 506 395
2 517 395
3 525 392
2 510 396
3 522 375
3 523 395
1 501 376
4 507 374
4 509 396
3 533 386
1 521 373
3 534 386
2 516 396
4 498 389
2 499 393
3 521 372
2 528 386
3 532 381
3 532 384
3 513 401
4 497 389
1 519 374
4 510 397
2 533 387
3 523 379
2 526 388
1 516 371
2 511 401
4 510 400
1 509 368
3 521 371
4 508 371
3 535 386
2 535 387
1 502 377
2 525 393
4 499 381
2 513 402
1 524 373
3 526 393
3 521 397
2 507 396
4 507 371
3 536 387
1 533 385
4 500 379
1 502 376
1 515 375
2 509 397
1 497 387
3 533 384
3 514 400
1 509 367
1 534 385
2 529 388
1 502 375
3 536 386
3 532 382
2 501 392
2 531 388
3 525 389
2 536 388
1 532 380
1 514 373
3 524 395
1 530 383
4 497 384
1 525 383
2 506 396
4 496 389
2 501 393
2 510 401
4 505 395
4 498 378
4 501 394
2 532 388
1 525 382
3 537 388
2 527 389
1 516 370
2 512 402
2 499 394
4 508 368
2 523 396
3 522 372
1 503 377
2 502 395
3 537 386
4 498 392
2 517 396
1 530 382
1 532 379
4 507 372
3 518 377
4 508 367
1 533 383
4 500 376
3 538 386
4 498 393
4 497 391
1 516 369
1 532 378
4 508 369
4 499 379
2 537 389
1 529 383
2 506 397
1 523 373
3 515 400
1 529 382
3 527 393
1 517 372
4 506 372
2 501 395
3 514 401
4 507 368
3 524 394
4 511 402
3 533 380
1 526 379
2 511 403
1 526 378
1 526 377
3 534 380
2 529 389
3 522 397
4 498 379
1 518 373
3 539 386
1 514 372
1 539 385
2 515 401
1 533 379
2 538 387
3 526 392
2 513 403
1 500 375
2 504 394
4 496 391
3 525 395
1 502 374
3 514 402
2 526 394
1 537 385
4 507 369
1 507 367
3 520 376
2 501 396
4 497 386
2 533 388
1 508 366
2 532 389
1 517 371
3 509 366
3 538 388
1 497 383
1 536 385
2 500 393
1 501 375
4 506 371
3 523 372
2 525 396
4 496 388
4 497 378
3 525 391
2 528 387
4 499 377
3 516 400
1 504 376
2 502 396
4 496 386
4 498 381
1 496 385
3 513 399
2 507 397
3 517 400
4 496 384
4 498 390
4 498 394
3 539 387
2 500 394
4 499 382
4 495 386
3 521 376
2 522 398
1 522 371
1 496 383
1 520 370
2 499 395
4 509 400
4 510 402
2 513 404
4 495 385
2 526 395
4 506 368
4 495 388
1 524 372
1 517 370
2 504 395
2 519 398
2 513 405
1 499 376
1 511 368
4 495 389
2 523 397
3 533 382
3 522 390
1 516 368
2 523 398
2 505 396
3 535 380
3 538 389
1 514 371
1 495 384
1 539 384
2 513 406
4 505 371
1 497 377
1 499 375
1 529 381
3 523 390
1 504 375
4 504 371
3 540 385
2 514 403
2 517 401
1 503 376
4 503 371
1 504 370
3 526 391
1 510 368
2 521 398
1 501 374
3 523 375
4 494 385
4 497 393
1 500 374
2 525 397
2 496 392
2 531 389
1 515 374
3 523 371
2 530 388
2 521 399
2 534 387
1 524 371
3 527 391
1 507 366
4 512 406
1 525 381
2 536 389
4 498 380
2 502 397
2 506 398
1 509 365
4 506 367
2 536 390
4 496 378
3 528 393
3 537 390
3 514 405
1 526 376
2 519 399
4 497 379
1 502 373
1 496 377
3 518 400
3 518 401
4 495 391
1 529 380
2 514 406
2 534 388
1 502 372
3 525 372
3 527 395
1 498 377
4 495 392
4 498 382
2 535 388
3 534 379
4 500 396
1 511 367
4 512 405
3 519 401
3 515 402
2 507 398
4 498 395
4 494 384
3 541 385
2 522 399
3 542 385
1 532 377
1 534 378
2 496 393
4 505 398
2 501 397
2 525 398
1 507 365
4 510 403
1 494 383
1 498 376
3 515 406
3 534 382
2 522 400
3 526 397
2 497 394
2 537 391
3 529 393
3 539 388
2 531 390
2 503 395
4 497 376
2 502 398
3 527 392
4 501 373
1 541 384
4 502 371
2 506 399
3 510 365
3 526 398
1 538 385
3 514 404
4 495 393
3 515 403
1 537 384
2 530 389
3 542 384
3 520 401
4 494 393
1 525 371
2 507 399
2 529 394
3 543 384
3 540 386
1 537 383
4 508 400
2 497 395
1 536 384
1 539 383
4 495 377
3 540 383
4 501 371
4 496 394
1 534 377
1 540 382
1 519 373
4 499 396
2 498 396
3 521 370
4 500 397
4 511 405
1 525 370
4 496 376
4 509 402
2 515 407
3 526 396
2 533 389
1 497 375
3 541 383
3 526 372
4 509 401
1 543 383
2 519 402
3 533 381
3 525 374
4 509 403
1 507 364
2 512 407
2 540 387
3 544 383
2 532 390
1 513 368
1 542 383
1 528 379
3 511 365
1 523 370
1 541 382
1 515 373
2 519 403
2 541 386
3 526 370
2 497 396
2 507 400
3 525 373
1 505 370
4 508 403
1 520 369
4 501 372
4 496 387
4 500 373
4 499 373
2 496 395
1 533 378
3 535 377
2 542 386
3 542 382
3 536 377
3 516 407
2 495 394
4 496 396
3 512 367
1 534 376
4 493 385
4 497 382
4 508 401
1 498 375
3 516 406
4 495 387
3 537 377
2 507 401
2 518 402
1 520 368
4 505 399
3 535 379
2 508 404
4 495 395
3 513 367
3 541 387
2 524 396
3 536 379
4 506 401
2 513 407
3 535 378
1 525 369
3 527 372
1 513 366
4 498 373
2 539 389
1 493 384
2 541 388
4 494 387
4 493 383
1 494 382
1 496 375
3 535 376
3 527 398
4 505 401
1 520 367
4 494 391
2 514 407
2 502 399
1 525 368
2 501 398
4 500 372
2 542 387
3 544 384
3 538 390
4 497 380
2 520 402
1 494 381
3 526 371
1 541 381
1 501 370
3 527 370
3 521 367
3 545 383
3 522 367
2 500 398
3 543 385
4 494 388
4 495 396
4 507 403
3 536 378
4 494 389
1 503 370
1 515 372
3 528 392
1 543 382
2 504 396
3 523 400
3 515 404
4 494 386
2 521 400
4 506 369
4 507 404
2 535 389
2 517 402
3 514 366
1 519 372
3 523 399
2 524 397
2 494 394
3 537 379
3 527 396
3 527 371
3 517 406
4 493 388
4 492 385
3 528 398
2 494 395
4 499 397
2 494 396
1 500 371
1 516 367
3 526 373
3 542 381
2 520 403
4 493 396
1 504 369
3 540 389
4 493 395
1 501 369
3 526 369
4 492 396
3 524 375
1 533 377
3 524 400
3 536 376
3 515 405
2 528 399
4 493 393
2 512 408
4 511 408
3 527 397
3 528 372
4 498 397
2 544 385
3 513 408
3 525 400
1 508 365
1 517 369
2 541 389
2 531 391
3 539 390
2 512 409
1 524 370
1 497 374
1 525 367
4 496 379
3 537 378
4 496 380
3 526 374
4 499 372
3 518 406
4 497 373
1 519 371
2 538 391
3 529 392
3 537 376
4 506 400
1 541 380
4 499 371
4 506 403
4 506 365
3 543 387
3 528 370
4 497 397
4 499 398
3 526 367
1 532 376
3 545 384
4 498 398
1 493 382
4 496 374
4 493 381
3 539 391
1 509 364
1 536 375
4 511 407
3 529 370
4 500 369
4 510 405
4 506 404
3 546 384
1 535 375
3 526 400
2 543 388
4 492 384
2 502 400
3 510 364
1 492 383
3 526 368
1 508 364
1 531 380
2 536 391
1 501 368
3 515 366
2 535 390
3 544 387
4 501 400
4 493 391
4 511 409
4 495 380
3 543 381
1 545 382
2 532 391
1 507 363
2 516 408
1 509 363
4 491 396
1 516 366
3 521 403
1 495 376
1 536 374
2 536 392
2 512 410
4 495 378
3 528 397
2 494 397
2 512 411
3 538 377
3 537 374
4 496 373
2 537 392
2 491 397
2 493 397
1 540 381
1 536 373
4 499 369
1 542 380
3 540 391
3 513 410
3 530 393
1 511 364
2 499 399
1 512 366
3 527 368
4 510 407
2 537 393
1 515 365
2 533 390
2 536 393
2 520 404
3 517 407
3 516 405
1 509 362
4 498 371
1 518 372
3 522 403
2 501 401
3 513 409
4 492 381
1 493 380
2 520 405
4 511 406
1 519 370
4 506 363
1 498 370
1 544 382
1 514 365
3 528 396
2 510 408
1 540 380
1 523 369
4 505 365
2 518 407
1 517 368
3 519 406
2 523 401
4 492 391
1 539 382
2 518 408
1 542 379
3 521 402
1 533 376
3 541 391
2 497 398
4 495 375
4 495 379
3 527 369
4 498 372
4 508 362
1 499 368
1 538 376
1 527 367
4 504 365
1 510 363
2 528 400
3 528 395
4 505 363
2 517 408
4 491 383
3 511 363
3 545 385
3 547 384
2 500 399
1 541 379
1 542 378
2 502 401
4 498 399
2 547 385
4 491 381
1 496 372
4 494 377
1 516 365
4 497 371
1 529 369
1 492 380
2 503 396
3 530 394
2 538 392
3 548 385
3 538 374
2 509 404
4 493 387
2 536 394
1 516 364
1 511 362
3 513 411
3 537 373
3 543 380
3 543 379
1 512 365
2 521 404
4 493 377
3 539 377
3 544 388
3 546 382
4 492 388
1 517 367
4 510 406
3 539 392
3 514 411
3 529 395
2 527 399
4 497 399
2 522 404
4 506 366
2 519 407
3 543 386
4 492 393
1 545 381
4 505 366
4 493 394
2 500 400
2 522 405
1 505 362
1 548 384
4 496 399
2 508 405
3 517 366
3 542 391
1 501 367
4 491 388
1 523 368
3 530 369
2 534 389
3 512 362
4 492 377
2 527 400
4 507 405
3 529 372
3 529 398
3 538 373
2 543 389
1 536 372
4 494 376
3 543 391
4 491 393
3 531 369
1 536 371
4 509 408
3 537 375
2 528 401
4 493 389
3 539 373
3 544 386
2 497 400
3 515 411
4 497 370
3 545 386
2 543 392
4 492 382
2 537 394
4 491 384
1 541 378
2 507 406
4 494 392
2 536 395
2 544 389
3 516 411
1 529 368
1 507 362
4 506 364
4 504 363
1 492 376
2 546 385
3 538 393
4 495 374
2 538 394
4 495 373
2 526 401
1 546 381
4 508 402
3 529 401
2 528 402
1 541 377
2 519 408
1 506 362
2 503 397
2 546 386
2 492 397
3 530 368
1 529 367
3 531 368
4 496 400
4 493 386
1 520 366
1 530 367
4 494 379
3 545 389
4 508 408
2 503 398
4 496 398
4 500 367
1 530 366
1 502 370
3 523 403
3 531 367
4 492 394
1 520 365
4 507 408
1 492 375
3 545 387
2 509 409
4 491 385
1 535 374
2 511 410
3 540 390
4 500 401
4 503 365
4 506 405
2 538 395
3 517 364
1 492 374
3 523 404
2 530 395
2 538 396
2 522 406
4 505 404
4 505 403
3 546 389
1 543 378
1 532 375
3 530 398
1 535 373
4 492 389
1 546 380
4 490 381
4 504 403
2 509 410
4 492 387
3 546 387
2 491 398
3 514 410
4 495 399
4 507 402
2 521 405
4 496 371
1 545 380
2 500 402
1 492 373
4 505 364
2 506 406
4 499 401
4 490 383
4 508 409
1 534 375
3 547 389
3 529 397
4 504 366
3 529 400
1 498 369
1 524 369
1 490 380
1 507 361
1 504 362
2 516 412
1 503 364
1 503 363
1 538 372
4 492 386
1 541 376
3 530 401
2 520 406
2 490 384
2 507 409
4 491 375
4 497 390
4 506 409
4 498 401
3 523 406
3 524 406
1 523 367
2 511 411
3 524 404
3 547 382
4 495 372
1 509 361
2 497 401
1 541 375
3 530 397
4 503 362
1 536 370
3 544 391
3 544 378
1 538 371
1 538 370
4 499 367
2 513 412
3 530 400
3 539 370
2 530 402
3 532 369
2 531 392
1 537 372
3 515 410
2 540 392
3 532 367
4 502 365
4 490 396
2 539 393
1 519 369
4 495 371
1 501 366
1 546 379
1 528 369
3 518 364
3 547 387
3 529 399
2 492 398
2 544 392
4 510 411
3 539 395
2 491 399
2 490 397
3 531 366
4 498 368
3 539 372
4 494 372
1 511 361
1 500 366
3 525 406
1 497 369
1 523 366
2 541 392
4 490 398
3 526 406
1 533 375
1 508 361
1 534 374
3 540 370
2 511 412
2 543 393
3 517 411
1 491 374
4 489 381
4 502 362
1 548 383
2 531 393
4 493 392
1 505 361
1 493 376
1 489 380
1 514 364
2 536 396
4 489 397
2 508 410
3 547 381
4 505 405
2 532 392
2 498 402
3 531 402
4 491 386
3 531 401
2 511 413
1 522 366
4 492 392
4 491 387
4 505 409
4 489 396
4 504 404
4 489 398
4 509 411
2 490 399
2 492 399
3 513 362
4 502 364
1 540 369
2 496 401
2 489 399
1 500 365
3 512 361
3 545 388
1 546 378
4 491 382
2 502 402
4 491 373
4 493 372
2 523 407
1 548 382
3 520 408
3 512 413
4 490 382
2 521 406
2 529 402
1 520 364
3 546 388
2 520 409
1 543 377
1 516 363
4 504 361
4 501 362
1 539 369
4 491 392
2 543 394
2 510 412
1 512 360
4 497 368
3 540 395
2 500 403
3 549 384
1 505 360
3 539 374
3 524 407
3 542 375
2 533 391
2 534 390
1 516 362
1 526 366
1 490 379
4 492 372
1 501 361
2 510 413
4 499 365
4 491 377
2 530 403
3 517 362
1 517 361
2 547 390
1 508 360
2 543 395
3 532 368
4 500 362
2 527 401
2 538 397
2 504 405
2 547 391
4 488 380
3 532 401
2 518 409
2 521 407
1 509 360
4 494 371
1 492 371
4 491 371
4 498 365
4 490 392
1 519 368
3 532 402
2 515 412
1 543 376
3 513 360
2 493 398
1 504 360
4 488 399
3 541 369
4 506 408
4 489 383
3 544 376
1 549 383
1 541 368
4 507 410
1 539 368
2 513 413
3 549 385
1 518 363
2 541 393
1 500 361
2 500 404
3 542 368
1 534 373
2 535 391
3 518 361
2 504 406
4 490 374
2 548 386
1 545 379
2 507 411
3 539 371
1 546 377
3 533 367
3 514 413
1 497 367
2 511 414
4 506 411
3 547 378
1 499 364
3 547 380
3 544 395
3 539 396
2 503 399
3 515 413
3 550 385
1 549 382
4 498 364
2 504 407
1 529 366
1 493 371
1 488 379
1 491 370
1 488 378
3 540 372
1 504 359
3 514 360
4 489 382
3 543 375
3 544 375
4 487 380
1 503 361
2 534 391
1 491 369
2 489 400
3 548 390
2 517 412
4 491 376
3 550 382
4 496 368
2 501 402
1 540 368
1 503 360
2 518 410
3 540 373
1 528 368
2 508 411
1 492 370
4 503 405
2 533 392
4 488 400
2 490 400
2 492 400
4 499 404
2 530 404
3 531 398
1 499 363
1 540 367
1 535 372
4 496 367
2 504 408
1 528 367
4 510 414
4 498 363
3 541 373
3 530 399
4 505 411
2 499 405
2 550 386
2 499 406
1 501 360
4 490 370
2 542 392
1 490 369
3 543 368
4 497 402
4 489 370
3 545 375
2 540 396
1 527 366
3 547 388
4 506 410
3 541 372
2 521 408
1 537 371
2 500 405
1 504 358
4 489 384
4 488 397
1 492 369
4 498 405
4 487 400
2 537 395
3 549 390
1 533 366
2 526 407
1 515 364
4 486 400
4 490 376
4 503 407
3 545 376
4 509 412
4 490 386
3 523 405
3 521 409
4 491 389
3 540 371
1 503 359
3 531 399
1 535 371
4 488 396
1 498 362
4 495 367
1 514 359
3 550 390
2 528 403
1 506 361
3 545 392
1 511 360
1 543 367
4 492 395
3 531 403
1 531 365
2 489 401
3 518 362
4 486 380
3 541 396
3 546 375
4 488 370
1 504 357
1 494 370
1 544 374
2 542 393
4 496 402
1 550 381
1 510 362
2 510 415
2 495 400
4 496 390
1 543 366
3 544 368
1 534 372
3 548 387
4 502 359
2 495 401
4 490 388
4 487 397
1 508 359
2 491 400
3 548 380
2 528 404
1 492 368
1 514 358
1 538 369
2 547 392
4 509 413
1 545 374
4 498 406
3 551 390
4 490 389
1 534 371
4 499 361
3 518 411
2 494 398
2 549 391
4 495 390
3 549 387
3 541 370
2 510 416
3 549 380
3 550 383
4 490 373
4 491 372
1 534 370
3 542 372
3 546 376
1 508 358
4 494 367
3 518 412
4 509 415
4 491 368
3 516 413
4 499 403
4 500 360
4 488 381
2 546 390
1 503 358
1 516 361
1 509 359
4 503 408
3 515 359
4 490 372
3 532 403
3 532 398
2 547 393
2 540 397
3 548 378
3 545 368
2 527 402
4 489 373
3 543 372
4 491 395
2 534 392
3 544 394
2 489 402
4 487 399
4 487 381
4 498 404
2 513 414
2 494 399
3 524 405
1 497 366
4 488 398
2 491 401
4 489 369
2 503 409
4 501 359
2 518 413
2 521 410
1 538 368
2 521 411
2 486 401
1 535 370
3 550 391
2 551 391
1 522 365
3 532 399
1 507 360
1 525 366
2 519 409
2 551 392
4 494 390
1 507 359
4 489 372
3 531 400
1 508 357
2 534 393
2 532 404
3 551 382
1 521 366
3 551 386
4 489 389
4 488 382
2 493 399
1 495 366
4 485 401
4 502 407
4 493 390
1 516 360
2 524 408
3 544 372
1 535 369
4 508 413
4 499 360
4 487 378
2 495 402
2 497 403
2 535 392
4 487 379
3 533 398
4 486 379
4 497 406
3 519 363
3 519 413
1 532 366
3 552 392
1 526 365
2 510 417
2 551 393
4 505 410
2 508 414
1 539 367
2 522 407
1 487 377
3 533 402
2 515 414
3 547 379
1 494 366
3 549 378
1 488 369
3 522 409
4 488 384
2 545 393
4 484 401
4 507 413
1 490 368
1 501 358
3 525 405
4 489 374
3 521 364
3 542 369
1 538 367
1 521 363
1 548 377
2 543 396
2 499 407
2 486 402
1 507 358
1 522 364
2 522 410
4 498 360
1 488 368
3 549 377
1 509 358
3 547 376
1 488 367
2 514 414
1 547 375
3 546 368
2 520 410
2 505 412
1 519 362
2 507 414
2 537 396
2 543 397
2 486 403
4 502 408
2 516 414
2 540 398
4 486 399
3 523 409
3 550 384
4 509 417
2 492 401
3 511 417
1 504 356
2 484 402
3 551 381
4 503 357
3 522 411
1 494 365
2 485 402
4 506 414
1 500 359
2 493 400
3 517 414
4 489 376
4 502 357
3 548 389
4 486 377
3 534 402
2 513 415
2 543 398
1 485 400
3 533 399
4 483 402
3 552 382
3 552 386
2 489 403
1 520 363
1 532 365
1 539 366
3 553 382
2 488 401
1 510 361
2 553 383
3 518 414
4 486 378
3 549 389
1 485 399
4 487 396
4 490 393
3 550 377
1 512 359
4 487 369
4 489 388
1 552 381
1 492 367
3 534 399
3 519 412
2 534 403
1 498 359
1 500 358
1 533 365
4 490 371
3 551 385
1 523 365
4 493 365
2 547 394
4 487 398
2 517 415
4 508 417
1 539 365
4 497 405
4 497 363
4 496 405
4 488 374
1 533 364
3 552 390
3 520 413
2 499 408
1 527 365
4 488 373
4 497 404
2 535 393
3 540 365
2 544 396
2 537 397
2 492 402
2 547 395
3 550 380
1 497 362
1 486 376
2 544 397
4 497 359
3 516 359
3 551 380
1 498 358
1 518 360
4 486 397
1 550 376
4 501 357
2 488 402
2 489 404
3 511 416
3 517 359
3 542 370
2 487 401
4 485 377
4 486 398
1 545 367
1 489 368
1 490 367
4 496 359
2 548 391
3 535 403
3 544 366
1 537 370
1 552 380
4 487 373
4 487 367
3 509 357
4 490 395
2 501 403
2 496 406
3 526 405
1 520 362
1 519 361
4 497 364
2 490 401
1 490 366
3 542 373
2 529 403
3 518 415
4 486 369
4 495 406
2 498 407
1 501 356
3 548 394
3 554 382
2 491 402
2 506 415
4 490 375
2 530 405
2 522 412
3 521 362
1 483 401
2 487 402
4 496 362
2 500 406
2 493 401
1 486 368
3 553 386
2 528 405
3 553 381
3 523 410
4 500 356
2 486 404
2 485 403
2 497 407
1 501 355
3 553 392
3 545 372
1 486 367
1 545 366
1 510 360
3 548 388
4 489 366
1 503 356
2 533 403
4 485 376
3 527 406
4 502 409
3 536 403
4 489 395
3 553 390
1 496 358
1 524 368
2 550 392
4 496 363
3 552 391
1 553 380
3 551 377
1 546 367
4 504 410
1 549 376
2 547 396
2 511 418
3 533 401
1 535 368
1 486 366
2 533 404
4 510 418
2 548 395
2 486 405
3 549 395
4 484 403
3 519 414
3 502 355
4 491 394
3 531 405
3 554 392
2 540 399
2 537 398
4 485 378
4 504 412
2 521 412
2 508 418
4 485 379
3 545 397
4 484 378
1 544 365
3 543 370
1 501 354
2 518 416
1 544 364
2 512 414
3 546 397
3 554 383
1 531 364
3 524 409
3 528 406
1 550 375
1 500 355
4 506 413
1 485 375
2 538 398
3 535 402
1 546 366
3 537 403
4 484 379
3 555 382
1 546 365
2 527 407
2 484 404
4 488 388
1 484 377
3 549 388
4 485 380
1 543 365
1 531 363
3 550 395
3 552 385
1 518 359
1 527 364
3 503 355
2 507 415
4 485 368
1 518 358
4 483 403
2 534 404
3 536 402
1 548 376
4 509 416
3 544 370
4 497 360
2 508 419
4 487 370
4 496 364
3 547 365
3 549 394
4 484 376
3 528 407
2 548 396
1 540 364
1 483 400
3 547 368
2 488 403
3 543 373
2 485 404
4 488 372
4 483 377
3 543 369
3 529 407
3 525 408
1 494 364
3 509 419
1 487 366
4 486 373
2 495 407
1 528 366
1 548 375
1 492 366
1 495 365
4 498 361
1 496 357
1 541 367
1 549 375
4 495 358
1 528 365
3 549 396
3 550 389
2 515 415
3 510 357
3 546 372
4 494 358
2 525 409
4 495 359
1 519 360
3 504 355
3 532 405
4 487 372
2 486 406
1 494 357
2 503 410
2 553 393
4 485 367
4 489 371
3 544 398
2 541 397
2 533 405
3 550 396
3 545 370
1 525 365
2 502 410
2 549 397
4 483 376
1 525 364
1 497 358
3 554 386
4 507 417
2 487 403
3 548 365
1 549 374
3 519 359
1 512 358
4 482 400
4 496 360
4 486 370
1 494 356
4 497 361
4 483 379
4 481 400
2 521 413
4 489 392
2 535 404
3 555 392
4 485 397
3 556 382
2 543 399
4 484 368
2 527 408
2 544 399
4 501 409
1 535 367
4 493 356
4 504 411
2 505 413
2 524 410
4 507 419
2 509 420
3 512 418
1 538 366
2 526 408
4 495 362
3 544 373
4 486 372
3 550 374
3 545 364
1 528 364
3 532 400
2 486 407
1 484 367
3 519 416
2 499 409
2 522 413
4 485 369
2 540 400
4 484 397
2 518 417
3 548 368
3 520 361
3 505 355
1 517 358
3 523 413
3 551 389
1 552 379
2 512 419
3 506 355
1 532 364
4 506 417
2 552 393
1 527 363
2 527 409
4 483 367
1 498 357
3 520 359
4 508 416
3 553 391
4 487 382
3 551 396
4 487 374
4 493 358
2 555 393
3 556 393
2 537 404
1 491 367
2 548 397
1 539 364
1 504 354
3 547 367
3 505 356
4 485 372
4 488 371
2 497 408
4 487 388
1 500 354
2 508 420
3 534 405
4 486 396
4 488 383
3 551 374
4 499 354
3 538 404
1 537 369
1 495 357
3 520 360
3 554 391
2 514 415
4 490 385
4 485 398
1 509 356
3 523 411
3 555 391
2 496 407
1 494 355
2 487 404
4 487 384
2 510 419
1 523 364
3 510 356
3 556 392
3 505 354
3 539 404
2 555 394
4 485 396
3 552 389
2 481 401
1 530 365
1 554 381
1 543 364
1 515 358
1 513 359
1 506 354
1 503 354
4 486 374
1 499 353
3 556 394
4 486 388
1 527 362
4 485 388
4 485 370
1 518 357
4 487 371
2 533 406
1 515 357
1 512 357
4 484 372
2 498 408
1 497 357
4 493 357
4 492 357
3 548 367
1 521 361
1 542 367
2 549 398
2 509 421
3 547 366
1 502 354
3 513 418
2 521 414
2 554 393
1 532 363
1 536 369
4 494 362
2 520 414
4 482 379
4 485 366
4 493 362
1 555 381
2 527 410
2 522 414
2 550 397
2 538 405
4 482 377
3 556 381
1 483 366
2 500 407
1 516 358
1 547 364
4 483 397
2 516 415
3 510 420
1 545 363
4 485 373
2 515 416
4 486 371
4 485 405
3 521 360
1 494 354
1 517 357
4 505 417
4 483 404
3 553 385
2 530 406
4 484 405
1 549 373
2 504 413
4 492 358
3 553 379
3 551 397
1 542 366
2 526 409
2 530 407
1 552 378
4 483 378
4 507 416
1 538 365
2 526 410
2 556 395
3 519 358
2 545 398
3 528 408
2 521 415
3 531 407
2 492 403
2 553 394
2 552 394
4 503 411
2 542 394
1 510 355
3 556 391
1 520 358
3 534 401
3 510 421
3 552 396
4 482 367
3 549 365
2 485 406
1 495 356
1 537 368
2 549 399
4 507 418
1 540 363
2 485 407
1 485 365
2 527 411
2 535 405
1 509 355
3 551 376
4 504 417
2 530 408
2 552 397
2 506 418
3 544 369
1 521 359
4 489 386
2 504 418
1 516 357
2 482 401
1 501 353
3 511 356
1 520 357
4 492 356
3 554 380
2 556 396
4 488 386
2 505 418
4 495 363
1 483 365
1 542 365
4 488 392
3 522 360
4 493 354
2 555 395
4 486 382
4 503 413
4 496 408
4 486 384
2 490 402
4 482 366
3 520 416
3 548 364
1 530 364
2 504 419
2 488 404
4 489 393
3 511 420
3 551 375
2 523 414
1 536 368
1 483 364
3 557 382
4 503 419
1 548 363
4 485 384
2 547 397
1 483 363
2 485 408
1 542 364
1 557 381
2 482 402
1 483 362
2 499 410
2 542 395
1 550 373
1 507 357
3 558 382
3 553 397
2 507 420
4 481 377
2 492 404
3 519 417
3 559 382
4 481 366
3 507 354
4 498 410
1 512 356
3 551 384
1 527 361
3 524 414
4 484 398
3 554 390
3 511 421
3 538 403
3 523 412
3 547 372
3 554 385
3 508 354
2 517 416
1 507 353
3 535 401
3 555 390
2 515 417
2 528 409
3 528 411
3 550 387
1 523 363
1 526 364
4 503 412
3 513 419
3 529 411
4 481 402
1 529 365
4 483 398
2 506 419
1 544 363
4 482 397
2 553 398
3 539 403
3 555 380
2 525 410
1 537 367
2 504 420
2 535 406
4 497 410
4 505 414
2 550 398
2 553 399
2 548 398
4 488 393
3 521 358
1 532 362
4 480 400
2 502 411
2 538 406
4 482 398
4 484 380
1 543 363
4 490 394
3 554 397
1 527 360
1 559 381
4 484 373
2 491 403
3 508 353
3 536 401
4 482 362
4 481 398
1 536 367
2 522 415
4 482 376
4 503 417
2 530 409
3 560 382
3 553 378
3 514 418
4 484 406
2 504 421
4 481 362
3 549 363
4 503 421
3 522 358
3 511 355
3 549 364
4 482 378
3 554 399
1 524 367
4 484 370
3 557 393
4 479 400
3 513 356
2 525 411
1 539 363
4 483 372
3 552 375
1 492 355
1 521 357
2 489 405
2 508 421
4 491 358
1 522 357
3 553 389
4 491 355
2 559 383
1 544 362
3 552 377
4 480 398
4 502 419
4 506 416
2 552 398
1 543 362
4 504 414
1 546 364
3 549 368
2 527 412
1 488 366
4 489 394
4 501 419
3 551 387
1 518 356
2 554 400
4 484 396
1 543 361
2 515 418
1 502 353
4 490 355
2 504 422
1 514 357
1 489 365
3 505 422
3 524 413
2 547 398
4 483 406
2 491 404
4 501 411
2 509 422
3 555 385
4 503 422
3 537 401
3 520 417
3 540 403
3 521 416
2 500 408
3 552 384
1 556 380
1 523 362
4 482 406
2 500 409
2 489 406
3 553 384
4 490 387
3 550 388
4 484 375
2 491 405
3 531 408
3 532 408
3 541 403
1 524 366
4 483 375
3 552 376
1 558 381
1 493 353
3 516 418
1 480 397
2 501 420
1 515 356
3 555 397
3 521 417
1 507 352
2 560 383
2 509 423
3 554 384
1 505 353
4 483 373
2 555 398
4 492 353
1 504 353
4 498 409
2 536 404
3 548 366
4 496 361
4 502 413
1 544 361
3 522 417
2 492 405
1 557 380
3 525 413
2 515 419
1 536 366
4 489 387
2 484 407
2 507 421
1 550 372
4 508 423
2 547 399
1 541 366
4 480 362
2 531 409
1 535 366
1 528 363
2 559 384
2 507 422
4 488 389
4 487 386
3 510 423
4 481 376
1 541 365
1 507 351
4 500 411
3 516 419
3 523 358
1 519 357
2 523 415
1 515 355
1 536 365
4 502 417
3 517 419
1 547 363
3 526 413
2 504 423
2 550 399
4 487 392
2 485 409
2 503 423
3 511 423
1 485 364
1 490 354
2 560 384
1 488 365
4 505 415
3 561 383
4 488 395
3 523 417
3 556 385
2 521 418
3 550 363
3 551 372
4 480 377
3 530 411
4 478 400
2 556 397
1 526 363
3 524 358
1 531 362
2 504 424
4 487 393
4 484 369
2 537 405
3 522 416
3 551 388
2 484 408
3 523 416
2 483 407
1 548 362
2 505 423
3 508 351
1 496 356
3 516 355
3 551 373
4 485 382
1 535 365
4 479 362
4 486 386
1 493 352
2 516 420
1 535 364
3 539 406
2 487 405
3 505 424
2 489 407
1 503 353
4 486 393
3 531 411
3 550 368
3 545 361
2 561 384
2 557 394
4 482 364
2 486 408
1 509 354
2 510 424
1 546 363
4 502 412
1 559 380
2 537 406
3 560 381
2 504 425
2 553 400
2 546 398
2 524 415
4 481 367
4 491 356
1 502 352
1 488 364
4 479 397
3 554 389
1 553 377
4 484 409
2 480 401
3 524 416
3 561 382
1 521 356
1 513 355
1 540 362
4 495 360
3 550 365
1 531 361
1 479 361
1 505 352
1 530 363
4 483 370
1 492 352
4 486 392
1 483 361
2 483 408
1 537 366
1 526 362
3 542 403
4 487 383
1 554 379
2 518 418
2 480 402
4 490 356
1 559 379
3 549 367
2 547 400
3 551 363
2 488 405
3 508 352
1 549 362
2 496 409
2 503 424
1 522 356
1 518 355
1 518 354
3 552 388
4 502 423
3 551 365
3 539 405
4 502 422
3 546 370
4 489 385
1 537 365
3 522 418
2 528 412
3 562 383
2 528 413
2 480 403
3 552 387
4 482 373
2 556 398
2 562 384
2 559 385
3 509 353
4 479 402
3 546 361
1 493 351
2 528 414
1 521 355
2 559 386
4 492 390
3 510 353
4 490 358
1 508 350
3 529 414
3 523 418
1 519 356
3 522 359
3 540 405
2 537 407
1 535 363
1 553 376
1 560 380
4 479 401
1 520 356
2 517 420
3 510 422
1 561 381
2 535 407
4 488 394
4 486 381
2 520 418
3 563 384
1 548 361
4 483 369
2 529 415
2 521 419
3 554 376
2 486 409
2 519 418
3 538 407
4 482 372
1 544 360
2 487 406
2 507 423
2 518 419
4 484 384
1 513 354
3 557 395
4 503 414
1 554 375
1 521 354
1 519 355
3 540 406
2 478 401
1 507 350
4 491 352
2 520 419
3 550 362
1 492 351
2 558 383
3 511 424
1 497 356
1 506 353
3 555 389
4 481 373
2 526 414
2 554 401
4 478 402
3 555 375
3 533 408
4 499 411
4 478 397
2 490 403
1 481 361
2 555 399
2 534 406
4 486 383
4 481 372
1 556 379
1 550 361
2 534 407
3 557 391
2 480 404
1 503 352
3 558 393
2 541 404
3 545 369
3 559 393
4 485 381
2 515 420
2 552 399
4 481 379
4 494 359
1 554 374
2 505 425
2 553 401
1 525 363
4 496 410
3 518 420
2 533 409
1 542 363
2 508 424
3 522 419
4 483 409
3 554 377
4 482 409
4 484 381
3 512 424
3 547 370
3 512 423
3 560 393
2 562 385
1 499 352
4 501 417
3 557 392
4 478 362
3 506 425
1 538 364
3 525 416
1 521 353
3 541 405
1 492 350
4 483 405
2 535 408
2 545 399
4 477 402
4 485 371
1 532 361
3 558 394
4 477 397
2 555 400
2 537 408
4 502 421
1 479 360
3 539 407
4 490 352
4 481 378
2 527 413
2 516 421
2 545 400
4 485 393
2 518 421
1 509 352
2 480 405
2 557 396
4 485 386
3 522 355
2 540 407
1 518 353
3 519 420
3 556 390
2 497 411
3 559 394
3 534 409
3 541 371
3 535 409
1 511 354
2 507 424
3 560 394
3 564 384
2 532 409
4 482 363
2 542 404
2 558 395
1 480 361
3 543 404
4 481 364
2 536 405
3 563 383
4 480 364
3 511 422
1 491 351
2 504 426
4 488 387
1 480 360
2 510 425
4 482 375
3 555 377
3 529 413
3 544 404
4 477 400
1 535 362
1 556 378
2 549 400
4 480 373
4 480 378
4 500 420
3 541 407
1 517 356
4 484 386
3 524 418
4 491 353
3 552 363
3 555 401
3 562 381
1 530 362
3 564 383
1 552 362
3 556 389
4 478 360
2 491 406
1 477 396
4 502 424
3 530 413
1 548 360
1 499 351
2 530 414
1 530 361
3 537 402
2 521 420
1 550 360
4 501 413
4 503 426
2 528 415
1 543 360
2 548 399
2 560 395
1 553 375
2 512 425
3 551 361
3 558 396
1 510 352
1 505 351
4 478 361
1 563 382
1 556 377
1 526 361
4 487 395
2 536 406
1 559 378
3 548 370
2 484 410
4 483 380
1 486 365
2 556 399
4 479 404
1 520 355
2 555 402
4 500 419
3 538 408
4 481 406
4 477 401
3 549 366
4 480 379
2 547 401
2 485 410
1 559 377
1 544 359
2 490 404
4 493 359
1 564 382
1 563 381
2 493 402
1 522 354
4 487 387
4 488 385
4 484 382
3 511 352
4 490 353
1 508 349
2 484 411
1 545 360
4 487 385
2 536 407
2 495 408
4 503 425
2 537 409
4 478 404
2 517 421
1 524 357
3 557 389
4 476 400
1 514 356
1 498 356
4 491 357
3 523 419
1 563 380
2 512 426
3 525 358
3 563 385
3 526 358
3 556 401
2 553 402
4 477 362
2 487 407
4 479 405
4 479 377
3 539 408
4 483 411
3 553 387
1 535 361
2 507 425
3 524 419
1 537 364
2 552 400
2 492 406
2 551 398
2 514 419
3 522 353
4 479 398
1 483 360
4 481 375
4 479 364
1 500 353
4 481 409
2 488 406
1 519 354
2 530 415
1 513 353
1 495 355
2 521 421
4 502 426
1 531 360
1 500 352
3 532 411
1 537 363
4 482 369
3 512 352
1 513 352
1 514 355
2 488 407
3 541 406
3 514 352
2 542 405
2 512 427
3 556 402
2 478 405
1 558 380
2 554 402
4 483 381
2 557 397
3 552 372
1 484 366
3 558 392
2 550 400
4 476 396
4 483 382
1 559 376
4 480 366
3 542 406
2 554 403
3 560 377
2 533 410
1 486 364
1 496 355
3 545 404
2 554 404
1 536 364
2 536 408
4 490 357
4 479 403
3 509 350
1 550 359
3 531 415
2 484 412
1 488 363
2 539 409
1 525 357
3 560 386
3 525 418
1 552 361
1 550 358
1 536 363
1 541 364
2 518 422
4 505 416
1 533 363
3 565 382
2 557 398
4 489 353
4 482 408
4 483 412
1 524 356
4 511 427
4 483 410
4 482 412
2 521 422
4 483 384
2 527 414
1 552 360
2 480 406
2 481 410
3 561 386
3 558 389
1 490 351
1 556 376
3 555 374
4 489 356
3 550 367
1 553 374
1 556 375
1 501 352
4 480 409
2 501 421
2 549 401
2 517 422
1 492 349
1 489 352
2 535 410
2 544 405
1 498 355
2 504 427
1 539 362
1 484 365
1 557 379
1 560 376
3 560 378
4 478 377
4 504 416
4 480 367
4 488 353
4 480 372
3 540 409
2 497 412
1 531 359
3 526 416
2 481 411
3 550 366
1 510 351
2 495 409
2 527 415
2 480 410
1 537 362
1 542 362
1 499 350
1 551 360
4 501 423
3 513 425
1 562 380
1 544 358
4 482 407
3 556 374
1 520 354
4 476 362
3 533 411
4 480 375
2 497 413
4 477 404
3 554 387
2 565 383
3 532 415
3 531 414
3 533 415
2 522 420
2 565 384
2 549 402
3 553 363
2 478 406
4 496 413
4 491 349
4 477 361
3 553 361
1 517 355
1 558 379
1 564 381
1 509 349
2 543 405
4 480 411
3 532 414
3 552 373
2 491 407
4 485 383
3 525 356
4 501 422
2 503 427
4 484 393
3 513 426
3 514 426
4 479 409
3 555 387
4 482 365
4 481 407
3 522 421
1 487 365
3 557 402
4 482 381
1 534 369
4 502 414
2 517 423
1 484 364
4 480 376
4 482 370
4 478 403
3 559 389
2 523 420
4 478 398
3 557 390
1 478 359
2 494 400
2 538 409
4 482 382
2 553 403
4 488 356
3 558 398
3 540 408
4 486 385
4 481 370
4 500 422
4 499 422
1 507 349
4 479 366
2 562 386
3 514 425
4 486 395
1 490 350
3 529 412
4 476 361
1 541 363
2 532 416
2 536 409
3 526 357
2 552 401
1 498 354
4 476 401
1 488 352
3 531 413
4 487 352
2 477 405
2 515 421
3 546 369
2 476 402
3 565 381
2 477 406
4 487 389
4 481 363
4 489 350
4 500 417
3 561 395
4 489 355
3 552 365
2 532 417
2 510 426
1 489 349
3 551 358
2 541 408
1 522 352
4 489 354
4 486 389
2 539 410
1 560 375
4 484 383
4 499 420
1 502 351
3 511 351
4 495 413
2 545 405
4 481 365
2 499 423
4 498 422
3 547 369
3 558 397
1 510 350
4 481 369
4 477 377
1 525 355
2 529 416
4 475 402
1 543 359
3 527 357
2 538 410
1 559 375
2 518 423
1 494 353
2 490 405
3 560 379
4 498 420
3 559 398
4 502 427
4 487 394
4 475 361
2 494 401
4 480 369
4 483 393
4 478 366
1 527 356
3 566 381
3 525 419
4 485 374
4 501 414
4 481 408
1 528 362
3 558 391
4 485 392
2 509 424
2 506 426
4 477 403
1 560 374
3 523 421
2 501 424
1 505 350
3 557 399
4 486 352
3 564 385
3 534 411
2 553 404
2 551 399
2 504 428
4 498 423
2 554 405
2 527 416
2 500 423
3 510 349
3 523 354
2 498 424
4 476 377
4 476 403
1 485 363
3 530 412
4 503 418
2 480 412
2 510 427
1 490 349
3 511 349
3 535 411
3 561 376
2 533 416
2 494 402
3 519 423
3 561 375
3 542 371
2 524 420
1 519 353
4 483 383
1 489 348
2 493 403
4 484 399
4 502 425
1 479 359
3 561 374
3 542 407
1 493 350
4 487 353
1 489 347
2 512 428
1 554 373
4 481 381
2 515 422
3 551 368
3 557 401
2 483 413
2 550 401
2 552 402
4 491 390
2 521 423
2 550 402
2 497 414
3 533 417
1 512 351
4 480 407
1 563 379
2 557 403
2 543 406
2 483 414
4 489 358
3 490 347
1 493 349
3 540 410
4 480 363
3 526 418
3 536 411
4 479 375
2 541 409
2 507 426
1 480 359
1 550 357
4 491 391
4 489 351
1 511 348
1 482 361
2 566 382
2 540 411
3 531 412
1 514 351
2 534 412
4 482 393
1 531 358
2 502 428
4 488 348
1 563 378
4 477 366
2 556 403
3 555 405
2 530 416
1 548 359
4 479 373
2 515 423
2 553 405
1 547 362
1 559 374
4 479 379
3 559 392
1 538 363
4 478 409
4 486 353
4 481 382
2 504 429
2 563 386
1 556 373
1 548 358
1 503 351
2 486 410
3 560 398
3 558 402
1 540 361
2 561 396
1 550 356
1 559 373
1 526 356
4 483 386
1 493 348
3 566 383
2 519 424
2 510 428
4 483 399
3 522 423
3 553 388
3 543 407
3 491 347
3 513 428
3 542 409
4 482 386
2 479 410
1 536 362
1 533 362
4 485 395
1 515 354
3 562 374
1 514 350
4 501 427
2 512 429
3 523 423
1 538 362
3 555 404
4 480 370
4 501 426
1 528 361
4 477 360
3 551 357
3 534 416
3 515 351
3 556 404
2 532 418
3 535 416
3 526 355
3 551 356
4 486 387
2 532 419
4 478 373
3 560 373
3 564 378
2 485 411
2 527 417
1 526 354
4 481 393
4 484 392
1 566 380
1 547 361
1 527 355
4 475 401
4 480 393
4 475 400
1 546 360
2 562 387
4 497 424
2 530 417
4 474 361
3 522 422
1 539 361
3 515 426
1 541 362
3 523 352
4 502 418
3 542 408
2 525 420
1 516 354
4 487 356
2 488 408
3 515 425
1 482 360
4 474 402
1 527 354
3 563 387
1 552 359
3 541 410
2 524 421
1 564 377
4 497 423
4 482 413
4 479 363
1 561 373
2 506 427
2 517 424
1 481 360
4 489 357
3 549 370
2 557 404
3 561 398
4 479 370
3 562 396
4 499 417
3 552 357
1 512 350
3 526 420
1 490 346
1 513 351
1 530 360
3 514 428
4 479 393
1 475 360
1 492 348
2 566 384
4 488 358
4 485 387
2 498 425
2 564 386
3 550 370
1 560 372
2 516 422
1 505 349
3 523 422
4 478 363
3 553 357
1 485 362
4 485 353
3 528 354
2 563 388
4 476 397
3 529 354
4 488 351
2 485 412
1 551 355
2 530 418
1 486 351
1 504 352
1 517 354
1 520 353
3 552 355
3 534 417
3 524 422
3 556 405
2 556 406
3 565 378
1 559 372
3 544 407
4 479 376
4 477 359
4 484 353
3 524 352
1 535 360
1 514 349
4 481 386
1 478 358
2 557 405
1 518 352
1 528 353
4 481 413
3 536 416
4 503 416
3 532 413
4 475 397
3 527 420
4 476 404
3 545 407
3 552 356
3 564 388
1 535 359
1 518 351
1 474 360
3 561 372
1 481 359
4 485 352
1 482 359
4 479 367
4 487 348
4 482 383
1 533 361
1 490 345
2 501 428
3 558 405
2 529 417
3 562 372
4 482 384
4 490 390
2 495 414
4 481 383
3 533 414
2 556 407
4 501 418
3 567 381
1 535 358
4 498 417
3 515 350
2 507 427
1 474 359
3 491 346
4 497 420
3 543 409
3 535 417
1 495 354
3 567 383
1 503 350
2 566 385
2 523 424
2 532 420
4 478 364
1 492 347
1 531 357
2 516 423
3 561 394
2 485 413
3 529 353
1 548 357
1 530 359
2 512 430
1 541 361
2 496 414
4 479 378
3 524 424
1 512 349
3 543 371
1 518 350
1 521 352
1 512 348
2 477 407
4 477 398
1 516 353
4 490 391
4 489 345
1 554 372
1 532 360
3 533 418
1 499 349
3 553 360
2 544 408
1 543 358
3 519 350
4 497 425
4 476 405
3 565 377
3 566 378
3 516 425
2 546 399
1 493 347
2 554 406
1 497 355
4 488 349
3 516 426
1 507 348
1 501 351
3 568 381
1 544 357
2 499 424
1 559 371
4 500 427
4 489 390
1 510 348
2 533 419
1 525 354
3 562 373
3 564 387
3 525 421
2 474 403
2 547 402
2 534 418
3 545 408
2 517 425
2 509 425
3 530 353
2 478 410
3 567 382
3 558 404
3 569 381
4 474 397
2 563 389
4 496 424
3 525 352
3 534 419
4 479 369
3 558 390
4 480 381
4 484 374
2 478 411
3 519 351
3 548 369
1 509 348
2 554 407
4 473 361
2 484 413
2 482 414
4 476 398
2 518 424
1 482 358
3 530 354
2 547 403
2 519 425
3 517 426
4 474 400
4 477 373
4 478 393
2 487 408
1 569 380
1 506 352
3 492 346
2 564 389
2 524 425
4 475 396
4 496 425
3 557 407
1 563 377
4 497 422
4 478 370
2 567 384
3 568 382
4 478 367
1 540 360
4 488 345
3 567 385
4 478 375
1 534 368
3 554 357
3 546 408
2 473 362
3 513 348
3 551 366
4 489 346
2 562 397
4 484 371
2 538 411
2 486 411
2 524 426
3 554 360
1 503 349
2 474 404
2 513 429
1 556 372
4 476 407
2 507 428
2 527 421
2 494 403
2 523 425
1 564 376
3 537 416
2 489 408
3 491 345
4 483 392
2 495 415
1 491 344
4 478 378
2 502 429
1 479 358
3 553 355
3 536 417
1 522 351
3 565 376
1 473 360
4 477 370
2 533 420
4 499 427
2 473 363
1 535 357
1 496 354
3 535 418
3 550 364
3 538 416
3 562 398
3 535 412
4 475 405
2 518 425
3 558 401
3 566 376
1 569 379
1 488 344
2 500 428
2 493 404
1 529 352
4 483 371
2 489 409
3 525 422
2 481 414
4 502 416
2 521 424
1 513 347
3 536 418
2 548 400
4 498 427
4 474 396
4 480 386
4 488 355
2 522 424
2 506 428
2 478 412
3 536 412
2 474 405
4 480 382
1 492 345
4 495 425
2 519 426
3 552 368
4 483 353
3 555 357
1 493 346
3 558 407
1 473 359
3 555 360
4 473 402
3 570 380
2 541 411
3 569 382
1 540 359
3 533 413
4 486 394
2 550 403
4 482 371
4 472 402
4 482 392
1 549 361
1 527 353
4 477 358
1 553 354
4 500 421
3 560 392
4 472 363
4 499 419
4 480 413
4 475 377
3 534 414
4 488 350
4 479 381
2 481 415
2 516 427
2 560 399
3 570 381
4 500 426
2 568 383
2 538 417
4 472 361
3 535 414
4 487 350
4 481 392
2 524 427
2 543 410
2 547 404
4 496 422
4 479 413
2 536 419
3 571 380
2 524 428
2 531 416
3 559 404
3 536 414
3 567 376
2 522 425
1 503 348
4 485 385
2 498 428
1 536 361
3 524 423
2 505 426
4 487 355
3 537 414
4 479 382
4 473 397
1 549 360
3 559 405
1 561 371
1 472 360
4 480 392
4 477 412
4 471 360
4 479 386
3 547 408
4 485 351
4 471 402
4 477 393
1 523 351
1 497 354
2 544 409
1 571 379
2 563 390
3 551 364
2 489 410
1 539 360
2 531 417
4 472 359
4 478 386
4 496 420
2 499 428
1 542 361
4 478 381
4 476 393
1 537 361
2 571 381
2 503 428
2 490 406
1 497 353
1 486 350
2 534 420
3 539 416
4 487 345
3 554 354
2 516 428
4 476 358
3 568 385
2 546 409
3 561 392
2 554 408
3 531 353
2 523 426
4 501 416
2 566 386
2 503 429
4 478 413
2 529 418
3 568 376
2 502 430
1 473 358
1 525 351
3 514 348
3 572 380
4 480 414
1 495 353
2 535 419
4 479 414
4 494 425
2 572 381
3 565 389
2 482 415
3 553 359
1 506 351
4 480 408
1 510 347
2 484 414
1 534 367
2 528 416
1 479 357
3 520 350
3 551 370
3 569 376
2 499 429
1 563 376
2 525 423
3 560 405
4 478 369
3 553 368
4 484 395
4 497 417
4 473 396
2 485 414
3 554 361
1 526 353
1 569 375
2 481 416
4 488 354
2 566 387
4 474 401
1 513 346
3 561 405
3 526 423
1 507 347
4 488 347
2 540 412
1 482 357
3 553 356
4 496 423
1 544 356
4 480 416
4 481 384
3 552 370
1 519 349
4 487 344
2 507 429
4 485 389
2 497 426
2 569 383
3 563 372
2 572 382
3 573 381
4 477 381
3 537 419
2 551 400
2 562 399
3 562 394
1 513 345
4 479 408
1 543 357
2 533 421
1 537 360
2 542 410
2 551 401
2 471 403
1 536 360
1 560 371
3 563 394
4 475 398
3 556 360
2 544 410
3 559 401
1 565 375
4 484 387
2 558 408
4 480 384
3 514 345
4 471 363
2 534 421
3 515 348
1 498 353
4 472 396
4 476 373
3 526 422
3 562 395
3 541 412
4 495 424
2 486 412
3 564 394
1 537 359
1 472 358
2 568 386
2 504 430
4 478 379
1 522 350
1 521 351
1 549 359
2 529 419
4 497 427
2 507 430
3 555 354
3 525 426
2 524 429
2 501 429
2 573 382
1 514 344
4 473 404
4 483 387
2 527 422
3 570 376
4 478 414
1 515 347
4 473 400
2 558 409
1 509 347
4 477 409
2 507 431
4 477 369
3 508 431
4 496 417
3 534 415
3 515 344
1 531 352
1 502 350
4 477 378
3 537 418
4 488 346
2 475 406
2 526 424
4 476 409
3 556 400
2 496 426
2 487 409
1 515 343
2 497 428
2 509 426
1 546 359
4 478 376
2 548 401
1 545 359
4 477 410
4 478 357
4 471 361
1 499 348
1 557 378
1 573 380
2 524 430
3 562 392
4 477 379
3 572 379
4 477 386
2 479 415
3 570 383
3 553 370
4 484 385
1 515 342
2 538 418
4 483 368
3 556 354
4 494 424
3 574 381
3 516 347
1 517 353
3 516 348
3 538 419
1 532 359
1 568 375
4 486 344
4 487 349
4 484 389
3 564 390
4 475 407
1 543 356
1 505 348
4 486 355
1 546 358
2 509 427
1 527 352
2 489 411
3 552 358
1 473 357
3 566 377
1 558 378
2 537 420
1 495 352
3 566 389
3 509 431
2 562 400
3 565 390
2 554 409
4 482 353
4 472 397
4 482 387
4 485 350
3 551 367
2 573 383
4 501 430
1 568 374
3 559 408
2 502 431
2 480 417
1 561 370
3 525 428
4 472 357
2 574 382
4 476 370
3 554 368
3 563 398
2 530 419
2 560 406
1 497 352
4 483 395
1 496 353
4 475 393
1 543 355
4 477 414
3 528 422
1 522 349
4 476 381
4 477 413
3 562 405
2 524 431
1 471 359
4 483 374
3 558 403
2 524 432
3 523 349
2 474 406
4 474 393
3 526 426
1 539 359
2 515 427
4 514 343
3 575 381
2 565 391
1 520 349
1 517 352
4 484 351
1 534 366
3 567 389
1 477 357
1 566 375
3 563 397
2 481 417
1 527 351
2 526 427
4 485 355
2 572 383
4 493 424
4 480 365
1 574 380
4 486 348
2 545 409
2 488 409
1 509 346
2 546 410
2 495 426
2 538 420
3 570 375
3 564 372
3 553 362
2 521 425
2 477 415
3 559 402
4 483 351
3 529 422
1 526 352
3 554 355
1 525 350
1 507 346
3 532 353
3 555 355
3 542 411
1 560 370
4 479 416
2 514 429
3 552 364
2 556 408
2 504 431
2 535 420
4 479 365
4 487 347
2 498 429
1 484 350
1 523 348
4 486 345
4 495 422
1 542 360
4 477 411
2 519 427
2 524 433
1 488 343
2 490 407
2 504 432
2 562 406
2 554 410
4 479 417
4 496 427
3 516 343
3 574 383
3 515 345
4 478 416
4 480 383
1 551 354
1 545 358
2 565 392
1 541 360
3 559 403
1 517 351
3 567 378
4 476 415
3 525 430
4 473 406
2 562 407
1 520 348
3 569 385
3 526 350
4 475 409
3 527 427
2 514 430
1 537 358
4 497 429
1 546 357
4 479 372
3 566 392
4 501 431
1 555 353
2 565 393
3 527 424
2 531 418
4 470 360
3 524 349
4 493 425
4 475 381
4 477 416
4 477 367
2 509 432
4 495 420
1 554 353
1 558 377
3 527 426
1 570 374
1 529 351
1 480 358
2 497 430
1 552 354
4 478 365
3 527 423
4 495 423
4 476 369
4 476 411
3 525 349
2 487 410
3 568 384
2 549 403
1 540 358
4 476 366
2 534 422
4 487 354
3 555 410
2 510 429
1 560 369
1 508 348
1 524 348
1 538 361
1 523 347
3 562 370
4 475 411
2 533 422
4 476 378
4 478 417
1 563 371
3 539 417
4 476 379
1 486 343
1 503 347
4 487 346
1 567 375
2 476 416
3 514 346
4 482 395
2 531 419
1 517 350
2 575 382
2 508 432
3 525 432
3 560 401
3 559 409
4 481 387
2 569 386
1 511 347
1 482 352
3 565 394
2 483 415
1 514 342
1 521 350
1 495 351
3 516 342
2 532 421
2 570 384
1 558 376
1 524 347
3 563 407
1 476 357
3 573 379
1 478 356
4 474 409
2 471 404
2 517 427
2 562 408
4 474 377
1 501 350
4 499 421
1 505 347
2 558 410
2 484 415
1 470 359
1 505 346
3 535 422
2 537 421
4 486 349
3 575 383
2 503 430
4 470 403
4 475 373
4 472 362
3 539 418
1 514 341
4 482 374
2 508 433
4 477 356
4 481 353
4 494 426
3 532 352
1 531 351
3 563 405
2 528 423
3 529 423
3 557 354
4 496 430
2 553 406
4 476 412
4 483 385
1 473 356
3 570 386
1 574 379
1 482 351
4 475 379
3 567 377
4 482 385
3 563 370
3 571 386
3 572 386
2 574 384
3 563 408
1 508 347
4 485 348
3 556 357
2 563 409
3 525 425
3 543 411
3 560 403
1 489 344
4 475 412
2 572 387
3 540 418
2 553 407
2 575 384
1 554 352
2 476 417
1 545 357
3 516 345
2 557 408
4 477 375
4 479 392
1 540 357
1 494 352
2 572 388
4 482 368
2 524 434
1 474 358
4 469 403
1 538 360
1 520 347
1 565 374
2 506 429
2 575 385
3 559 410
4 480 387
3 525 429
3 528 426
2 521 426
1 548 356
1 568 373
1 544 355
2 497 431
3 576 382
3 526 349
2 576 383
3 526 428
2 539 419
2 485 415
2 497 432
4 476 410
1 484 349
1 568 372
3 528 427
3 564 371
2 572 389
1 514 340
2 567 390
2 504 433
2 530 420
1 518 349
3 552 366
4 478 408
2 545 410
3 561 401
1 545 356
2 475 413
2 500 429
1 485 347
4 486 346
3 573 388
2 534 423
1 496 352
1 478 355
4 471 357
4 471 362
1 514 339
2 542 412
4 513 340
3 564 408
4 485 343
3 566 391
1 497 351
3 527 428
3 526 429
1 531 350
2 483 416
3 538 421
1 488 342
3 564 398
3 540 416
2 475 414
4 470 357
4 479 384
4 483 389
2 473 407
1 513 339
3 529 426
2 511 428
4 475 370
4 474 379
4 471 358
4 477 355
2 498 430
1 503 346
4 496 432
4 474 411
3 554 356
1 534 365
4 473 393
3 541 416
3 526 425
2 481 418
2 563 410
1 573 378
1 542 359
3 515 339
3 527 349
2 480 418
3 574 378
2 537 422
3 526 430
2 488 410
1 474 357
4 476 367
1 534 364
2 535 423
2 499 430
4 486 354
4 475 367
4 503 433
1 545 355
4 474 412
3 527 430
3 571 375
2 540 419
3 528 349
2 549 404
1 479 356
2 542 413
1 477 354
2 506 430
3 515 340
3 574 388
3 555 356
1 491 343
1 493 345
1 557 353
4 478 382
4 481 352
3 541 418
2 523 427
4 482 389
3 575 380
1 502 349
4 481 385
1 515 338
1 540 356
4 523 434
1 487 343
1 551 353
1 569 374
3 576 381
2 521 427
1 487 342
1 497 350
3 525 431
4 483 349
2 526 431
3 527 429
3 539 420
1 573 377
3 561 369
4 522 434
1 507 345
1 519 348
4 472 407
3 540 417
2 513 430
1 530 352
2 527 431
4 471 397
2 533 423
4 485 394
4 472 406
2 538 422
2 485 416
1 571 374
3 527 425
3 558 354
4 502 433
3 564 409
3 535 415
1 522 348
3 573 387
1 547 360
4 470 362
3 516 340
4 498 419
2 576 384
2 567 391
4 469 360
3 555 352
2 557 409
2 525 433
4 480 352
3 575 379
3 565 409
3 528 425
1 494 351
1 470 356
1 553 353
1 562 369
3 528 429
2 478 418
2 501 432
1 523 346
4 478 384
4 473 405
2 501 433
3 557 360
2 523 435
2 486 413
1 530 351
2 565 410
4 480 353
1 560 368
4 475 415
4 475 416
4 482 380
3 539 421
4 485 344
4 484 394
4 477 365
3 542 416
3 569 373
2 562 409
4 475 417
3 554 359
4 482 349
2 517 428
1 541 359
1 511 346
3 530 426
1 486 342
2 531 420
3 573 389
3 577 382
3 517 345
2 515 428
4 479 383
3 575 378
3 577 383
3 543 412
4 485 346
1 561 368
3 566 394
2 543 413
3 558 360
2 488 411
1 475 359
4 494 423
3 528 431
4 496 431
3 564 407
3 574 377
1 469 359
3 568 390
3 555 359
3 563 369
4 521 434
4 479 387
3 540 420
1 532 351
3 561 403
1 518 348
3 542 418
4 481 389
2 512 431
3 556 355
2 486 414
3 578 382
4 476 386
2 495 427
2 472 408
4 480 385
4 520 434
1 470 355
4 519 434
4 514 338
3 525 348
4 513 338
3 516 338
4 493 423
4 473 412
4 497 419
3 529 431
1 490 344
4 496 428
2 551 402
2 497 433
1 520 346
3 528 430
4 472 393
2 555 411
1 522 347
1 557 352
2 529 432
2 505 427
1 542 358
1 557 351
3 559 354
3 564 370
3 576 385
2 475 418
1 507 344
1 511 345
3 563 399
1 565 373
1 523 345
3 559 360
4 484 388
4 474 367
4 481 395
3 567 394
2 567 395
2 527 432
3 564 405
4 473 409
3 529 425
1 506 350
4 470 358
2 553 408
3 577 384
2 573 390
3 517 338
1 499 347
3 556 411
1 511 344
2 563 411
2 555 412
1 552 353
2 511 429
1 496 351
1 531 349
2 548 402
1 576 380
3 564 369
1 495 350
3 576 378
3 567 392
3 568 394
4 518 434
4 476 375
3 576 379
4 481 371
4 477 384
4 495 431
2 483 417
1 494 350
2 473 413
4 471 406
3 564 399
2 508 434
3 577 379
3 565 371
3 543 416
1 563 368
2 474 413
1 520 345
2 551 403
2 511 430
4 470 361
1 488 341
1 566 374
3 524 346
4 473 411
4 469 358
2 490 408
4 470 404
3 566 393
1 507 343
3 565 407
1 513 337
1 480 351
4 492 423
2 576 386
3 565 408
2 494 427
2 576 387
3 553 366
3 569 394
2 547 409
4 480 389
2 550 404
3 562 401
2 566 395
3 543 418
2 514 431
2 576 388
4 474 381
2 474 414
4 470 406
4 522 435
3 564 368
3 529 427
4 485 345
4 481 380
1 544 354
2 561 406
3 566 410
1 549 358
2 506 431
3 517 342
4 474 370
2 469 404
4 479 352
2 477 417
3 567 410
2 573 391
2 473 414
2 507 432
1 503 345
4 477 376
3 557 355
3 516 339
2 520 435
3 531 426
1 485 342
3 536 423
1 485 341
3 544 416
4 493 427
2 537 423
4 468 360
2 529 433
3 541 419
2 479 418
1 535 356
1 509 345
2 523 436
3 542 419
2 482 416
1 571 373
3 532 350
4 471 408
2 515 429
2 544 417
4 480 395
4 484 344
2 534 424
3 563 401
2 528 432
2 506 432
4 495 432
4 494 432
2 573 392
2 548 403
3 577 385
2 483 418
2 490 409
1 554 351
2 530 427
3 530 431
4 489 391
1 495 349
1 538 359
4 471 396
4 479 353
3 553 358
3 541 420
4 512 338
1 542 357
3 562 403
2 478 419
4 484 348
4 477 382
4 467 360
1 538 358
1 494 349
1 555 351
1 548 355
1 497 349
4 477 364
4 470 397
1 571 372
1 505 345
3 531 431
1 497 348
4 491 423
2 468 361
1 539 358
4 511 338
3 538 423
3 555 361
2 545 411
2 512 432
4 488 390
3 544 418
4 476 376
2 476 418
3 532 426
2 546 411
3 552 367
1 533 360
3 574 390
4 474 418
2 468 362
3 566 371
3 568 395
1 502 348
4 478 352
4 483 394
1 500 351
2 468 363
4 470 408
3 530 433
3 556 412
3 533 350
1 527 348
2 532 427
1 566 370
2 493 428
3 556 356
4 479 385
4 469 397
3 556 361
4 474 373
1 568 371
2 476 419
2 560 407
4 476 382
2 538 424
3 553 367
2 493 429
1 483 348
3 558 352
2 505 428
2 569 395
4 472 414
3 578 384
2 566 411
3 525 347
2 569 396
3 577 380
1 482 348
4 475 369
4 490 423
4 496 433
4 472 412
2 544 419
3 571 376
4 512 340
1 510 346
3 557 412
4 472 405
1 578 381
4 478 385
3 558 412
2 567 411
2 524 435
3 574 391
3 572 373
3 565 398
3 560 354
2 489 412
4 512 339
3 518 338
1 483 347
4 482 394
2 491 424
1 543 354
4 484 341
4 467 363
2 501 434
3 574 389
4 481 374
4 473 381
3 557 361
2 534 425
1 531 348
1 501 349
2 568 396
4 475 410
3 532 348
1 548 354
2 512 433
1 555 350
3 525 435
4 478 387
1 470 354
3 554 363
3 570 394
3 526 435
4 469 408
1 498 352
1 578 380
1 531 347
3 554 367
4 498 421
1 476 356
1 517 337
3 539 422
1 496 350
3 525 346
1 507 342
2 570 395
4 480 380
3 516 344
2 554 411
3 559 412
4 472 400
4 473 373
1 506 349
4 484 346
1 492 344
4 519 435
4 480 371
2 505 429
4 478 383
2 468 364
3 542 420
4 467 361
3 533 348
2 552 403
3 575 389
3 517 344
3 557 356
1 541 358
2 547 410
3 518 344
3 577 378
2 497 434
1 552 352
2 478 420
4 469 357
3 559 352
1 503 344
4 471 400
4 483 346
2 493 430
3 535 425
1 546 356
1 543 353
4 481 394
4 470 400
2 513 431
4 478 353
2 553 409
2 476 420
3 518 337
3 555 363
2 484 416
1 565 370
4 472 409
2 565 411
2 497 435
2 535 426
4 471 412
3 568 411
2 491 425
3 572 372
1 526 348
3 540 422
1 483 345
1 474 356
1 560 353
3 566 398
4 466 361
1 546 355
3 576 389
2 501 435
3 567 398
4 478 392
4 473 377
2 534 426
2 510 430
3 565 405
3 543 420
3 578 385
1 549 357
3 519 338
1 466 360
2 503 434
4 475 382
2 503 435
1 479 351
1 557 350
4 492 428
4 496 435
1 516 337
3 528 428
4 481 348
3 566 405
4 472 381
1 540 355
1 520 344
4 468 408
2 571 387
4 474 382
2 496 436
4 472 411
3 575 390
1 573 376
1 578 379
3 554 358
4 468 357
1 488 340
4 491 428
4 468 397
4 477 353
1 473 355
1 470 353
4 510 338
4 473 418
3 554 362
3 545 418
2 487 411
4 478 351
3 565 368
2 513 432
2 490 424
4 465 361
3 566 407
3 545 416
2 544 420
3 561 354
3 563 400
1 543 352
2 465 362
4 471 411
1 487 341
2 512 434
2 492 429
4 466 363
2 575 391
4 479 380
3 555 362
1 468 356
4 480 348
4 479 389
1 521 349
2 568 412
2 484 417
2 519 436
4 482 347
1 487 340
4 473 401
3 572 374
2 527 433
4 467 364
4 512 337
2 533 424
2 555 413
4 493 426
1 483 344
4 477 383
1 549 356
1 504 351
4 469 406
4 489 424
4 489 423
3 560 402
2 474 419
3 546 416
3 571 395
3 547 416
3 529 428
4 488 424
1 506 348
4 495 435
2 572 390
1 564 367
2 544 421
2 465 363
3 556 413
1 478 350
3 558 351
3 564 400
4 477 350
4 479 395
1 509 344
1 482 346
4 472 401
3 524 436
2 502 434
1 483 343
3 532 349
1 541 357
3 525 436
3 533 349
4 474 410
3 556 359
4 509 338
4 471 414
1 500 350
1 565 367
4 508 338
2 490 425
3 579 381
2 477 418
2 499 431
4 493 432
4 479 371
4 475 376
1 489 343
3 529 429
2 501 436
1 499 346
1 495 348
2 523 437
3 573 373
3 518 342
3 539 424
3 534 349
4 492 427
1 493 344
1 489 342
4 475 366
4 480 394
4 470 414
4 470 402
3 558 350
3 566 367
4 478 371
4 468 404
2 513 433
4 474 398
4 469 402
4 491 427
3 578 383
2 503 436
1 577 377
3 560 352
1 562 368
4 477 352
3 531 433
4 476 365
2 485 417
2 558 413
3 573 372
3 536 425
3 579 379
1 484 340
3 559 350
1 545 354
3 541 422
2 530 434
1 574 376
4 470 411
4 492 426
4 468 403
1 496 349
4 497 421
4 477 392
2 486 415
2 465 364
4 491 429
1 480 347
2 542 421
1 531 346
3 532 346
2 550 405
1 531 345
1 553 352
3 577 387
4 482 399
4 473 379
4 478 372
2 522 436
1 524 345
4 473 419
1 568 370
3 546 418
1 561 353
3 569 371
4 471 407
2 515 430
4 474 417
1 485 340
2 528 433
1 487 339
1 561 352
4 476 352
2 578 386
4 483 388
2 473 420
4 474 366
1 540 354
2 499 432
1 501 348
3 560 404
2 522 437
1 564 366
1 524 344
2 542 422
3 566 408
2 519 437
3 538 414
3 573 374
2 478 421
3 567 405
2 518 435
1 554 350
1 509 337
4 478 380
4 492 430
4 474 369
3 557 357
2 563 412
2 551 404
2 545 419
4 468 402
2 544 422
3 515 341
2 527 434
1 572 371
3 553 364
2 555 414
1 540 353
1 569 370
4 481 368
3 567 407
4 471 405
1 507 341
3 560 360
2 509 433
3 570 370
2 534 427
1 494 348
4 475 352
2 505 430
2 527 435
3 537 425
4 490 429
2 503 437
2 536 426
3 517 339
4 473 367
4 483 341
2 482 417
1 543 351
1 549 355
2 465 365
3 563 403
3 567 367
3 574 373
4 473 410
1 541 356
1 498 351
2 489 425
1 578 378
3 567 408
1 481 347
2 518 436
4 481 346
2 489 426
4 477 351
4 486 339
3 574 374
2 569 397
3 568 410
2 488 425
3 518 339
2 558 414
3 540 424
4 472 419
2 478 422
4 473 398
2 536 427
1 496 348
3 528 435
3 536 415
3 531 434
2 540 425
2 521 435
4 469 411
2 524 437
4 490 428
2 511 431
2 477 419
2 504 434
4 487 425
1 560 351
2 574 392
1 509 336
2 501 437
3 530 428
3 541 424
4 488 426
3 571 370
3 579 378
3 532 347
4 464 363
2 579 382
4 488 391
4 477 380
2 533 425
4 475 386
1 551 352
4 469 414
3 533 346
4 476 383
2 465 366
2 506 433
1 567 366
4 475 375
1 563 367
2 534 428
1 515 337
2 493 433
2 493 434
1 479 350
3 576 391
3 580 382
4 467 402
2 531 435
1 549 354
3 561 404
1 470 352
2 521 436
3 567 393
4 469 354
2 466 364
1 483 340
4 463 363
3 534 348
4 469 355
3 558 357
4 471 401
2 478 423
4 470 396
1 552 351
1 525 345
4 480 368
4 467 356
1 535 355
2 536 428
3 517 340
4 472 413
1 575 377
3 519 342
1 519 337
2 468 409
4 487 391
3 572 370
4 477 372
2 530 435
3 573 371
3 579 384
2 464 364
3 518 340
2 544 423
2 541 425
2 546 419
4 480 374
1 529 350
4 470 401
1 575 376
4 479 394
4 471 393
2 491 430
1 500 349
2 561 407
3 520 342
1 519 336
1 544 353
1 528 348
2 556 414
3 532 435
3 537 426
1 530 350
1 501 347
4 476 372
1 576 377
1 506 347
1 568 369
2 565 412
2 575 392
3 580 379
2 481 419
1 548 353
2 515 431
4 479 347
4 472 418
4 482 344
1 540 352
1 532 345
2 577 388
3 574 372
4 469 401
2 572 391
1 464 362
2 517 429
1 464 361
3 563 406
2 556 415
4 463 364
4 471 419
2 518 437
4 466 356
2 519 438
1 569 369
2 533 426
3 562 404
4 479 368
3 561 360
3 554 364
4 476 380
4 469 352
1 493 343
4 490 430
2 522 438
3 568 398
3 577 389
4 495 436
2 571 396
1 524 343
1 466 355
1 510 337
4 470 393
1 550 355
4 472 410
4 468 414
4 472 367
2 553 410
3 568 405
3 545 422
2 547 417
3 523 438
4 492 432
1 478 349
3 572 395
1 477 349
4 472 379
2 504 435
2 565 413
4 464 365
2 482 418
1 540 351
3 520 337
2 517 430
1 549 353
4 462 363
3 562 360
3 563 360
1 510 336
3 535 349
2 499 433
1 559 349
2 535 427
1 516 336
4 471 367
2 545 423
2 554 412
1 516 335
4 481 399
2 542 423
2 558 415
3 568 367
4 473 369
1 498 350
1 554 349
4 473 370
3 575 372
3 569 410
4 484 342
2 552 404
2 468 415
3 533 345
3 529 430
1 573 370
4 476 349
2 537 427
2 462 364
3 570 410
2 504 436
3 566 413
1 558 349
2 552 405
3 569 398
1 484 339
1 469 351
4 472 420
4 480 399
2 472 421
1 478 348
2 495 437
2 508 435
4 476 384
2 478 424
1 564 365
3 565 365
3 521 337
3 580 384
3 569 405
1 556 353
4 465 355
2 467 403
4 508 336
3 533 347
1 553 351
4 489 430
1 543 350
2 492 433
2 490 431
1 474 355
1 562 359
1 551 351
2 555 415
2 507 433
3 579 383
1 580 378
4 475 380
1 472 356
2 564 410
2 572 396
2 527 436
1 532 344
1 544 352
4 467 357
2 528 436
3 562 352
3 556 363
4 478 389
3 537 428
2 506 434
4 491 433
4 473 417
1 465 354
4 468 352
2 469 415
2 543 421
2 538 425
3 565 399
1 546 354
1 564 364
2 534 429
1 515 336
3 576 392
2 502 435
4 494 435
4 473 382
4 465 356
1 497 347
2 552 406
2 522 439
4 475 384
2 504 437
1 556 352
2 487 426
4 477 422
4 482 340
3 566 399
2 560 408
1 475 351
1 544 351
3 538 428
3 578 377
1 493 342
4 480 346
4 482 345
4 490 433
3 563 352
2 478 425
3 581 378
3 570 369
3 555 358
2 518 438
4 463 365
2 536 429
4 481 344
4 469 400
1 579 377
3 546 423
1 483 339
2 504 438
3 560 350
1 542 356
4 468 358
2 568 413
4 466 402
1 537 357
2 571 397
1 507 340
3 575 374
2 522 440
1 462 362
4 472 398
2 532 436
1 563 351
1 544 350
2 469 416
3 537 429
1 522 346
3 564 403
3 570 405
3 576 372
4 471 421
1 559 348
3 564 352
2 576 393
1 466 354
4 461 363
4 470 405
2 512 435
4 468 406
4 471 413
4 471 420
4 470 421
1 468 351
4 468 401
4 475 383
1 552 350
1 525 344
4 486 391
4 479 346
2 558 416
3 559 415
1 483 338
4 464 355
1 482 339
4 476 422
4 508 337
4 467 409
2 561 408
4 489 431
3 519 339
1 547 359
2 567 412
3 577 392
2 519 439
2 510 431
3 565 400
4 485 391
4 474 386
4 475 422
2 476 423
2 527 437
3 545 421
3 532 431
4 507 336
2 502 436
4 478 394
3 569 413
2 489 432
2 524 438
4 471 410
3 520 338
1 541 355
1 579 376
4 481 345
1 513 336
2 544 424
1 522 345
2 581 379
4 467 414
3 566 409
3 569 411
2 556 416
1 475 350
1 470 351
3 532 433
2 564 411
3 580 377
4 461 362
1 514 337
2 546 424
2 562 410
1 477 348
1 547 358
1 529 349
4 471 418
3 561 350
4 471 379
2 481 420
3 580 381
2 501 438
1 518 336
4 483 342
4 465 360
3 567 399
1 501 346
2 516 429
4 478 395
3 559 416
3 577 393
4 467 406
1 508 335
4 476 348
4 472 377
4 494 436
2 471 422
2 480 419
4 507 337
2 555 416
4 471 381
3 564 351
3 581 381
4 479 374
1 543 349
4 470 412
1 484 338
3 572 375
1 564 350
2 553 411
4 481 339
4 474 375
4 480 344
1 511 337
4 477 394
3 565 351
2 531 436
4 478 368
2 521 437
4 464 356
4 507 335
3 533 431
1 555 349
1 504 350
4 477 387
4 468 411
2 550 406
1 527 347
4 472 373
3 579 386
2 511 432
4 470 418
3 533 436
2 467 415
3 564 360
1 568 366
2 503 438
2 513 434
3 564 401
3 582 379
1 509 335
3 546 422
4 506 336
1 520 336
3 561 402
4 476 394
1 475 349
2 505 431
2 494 437
1 464 354
4 466 406
1 522 344
1 563 350
3 560 348
2 505 432
1 469 350
4 477 385
3 565 360
2 518 439
2 502 437
3 547 423
3 530 430
2 530 436
2 557 413
3 525 343
4 472 370
4 467 401
2 551 405
4 505 336
3 573 396
2 521 438
3 579 380
1 567 365
4 482 342
2 509 434
1 510 335
3 562 402
2 518 440
3 560 349
3 569 367
2 551 406
4 479 344
3 567 409
1 507 334
3 521 336
1 541 354
3 558 355
1 500 348
1 479 343
2 478 426
2 473 421
2 468 416
4 467 358
3 581 382
2 542 424
4 474 380
4 460 363
1 579 375
2 555 417
1 581 377
2 486 416
3 571 369
2 578 387
2 516 430
2 570 411
4 469 418
2 582 380
4 473 386
4 506 337
3 579 387
3 572 397
4 489 428
4 478 374
3 571 405
4 475 348
4 474 383
2 574 393
3 523 440
2 461 364
3 580 375
3 556 358
4 473 383
4 475 394
1 548 352
1 528 347
1 480 343
4 476 385
4 467 351
3 565 401
2 553 412
1 566 366
4 482 388
3 563 402
2 530 437
3 569 412
4 472 383
1 478 347
4 475 378
2 552 407
3 560 415
3 583 380
3 582 382
3 566 400
4 474 378
3 578 388
1 575 371
1 509 334
2 521 439
3 568 399
4 469 405
2 546 425
1 525 342
2 553 413
1 562 351
3 560 416
3 547 419
1 515 335
3 525 438
4 471 370
4 466 414
2 562 411
2 539 425
1 462 361
2 505 433
4 477 368
1 491 342
2 499 434
2 551 407
1 476 347
2 486 417
4 471 373
1 505 335
3 530 432
3 578 389
1 475 347
4 472 382
4 481 388
3 561 349
4 468 350
4 473 378
1 564 349
1 581 376
3 517 335
2 578 390
3 539 428
1 494 347
4 476 387
1 555 348
1 523 344
4 470 367
4 472 378
3 579 388
3 547 425
1 566 365
3 532 434
4 474 348
3 548 419
3 549 419
2 488 427
3 568 409
3 580 386
4 475 385
3 521 338
2 563 413
4 487 427
1 495 347
1 550 354
2 543 422
1 511 336
4 474 394
1 497 346
1 474 347
4 468 359
4 466 401
2 573 397
3 578 393
1 531 344
4 470 419
1 533 344
2 565 414
3 580 388
1 493 341
2 518 441
1 507 333
2 478 427
3 565 364
2 466 415
1 517 334
3 533 434
4 471 383
3 522 337
3 568 365
1 570 368
1 466 353
3 565 403
3 573 395
2 526 436
3 538 426
1 462 360
4 467 408
4 468 400
4 489 433
2 509 435
2 542 425
1 550 353
3 566 364
1 567 364
2 524 439
4 467 400
3 534 434
4 467 411
2 514 432
1 503 343
1 571 368
1 538 357
3 566 351
1 505 334
1 493 340
2 534 435
4 466 358
4 473 348
1 571 367
1 544 349
2 550 407
1 528 346
2 578 394
1 493 339
3 557 363
1 476 346
1 559 347
3 546 421
1 472 355
4 478 343
3 582 377
1 522 336
1 473 347
3 559 355
1 530 349
2 549 420
1 548 351
4 488 428
1 460 362
4 481 342
1 477 347
1 556 351
4 471 382
2 498 431
4 469 419
2 524 440
2 487 428
4 469 367
4 482 338
2 560 417
1 501 345
1 514 336
1 515 334
2 573 398
1 524 342
4 469 393
2 552 408
2 479 419
1 495 346
2 494 438
2 484 418
2 565 415
1 525 341
1 562 350
4 477 426
2 530 438
3 548 423
1 503 342
4 504 336
2 474 420
2 554 413
2 467 416
4 477 371
3 523 337
2 542 426
3 549 423
4 466 408
4 470 381
2 560 418
2 464 366
2 556 417
2 570 412
3 576 374
2 560 419
2 575 393
4 477 427
4 459 363
4 505 337
4 477 389
4 465 353
1 515 333
2 472 422
1 485 339
4 466 357
3 579 393
3 583 377
2 479 420
2 515 432
3 534 345
4 492 434
1 560 347
1 481 338
3 569 365
1 514 335
2 580 389
1 578 376
3 584 377
2 478 428
3 561 419
3 567 351
1 562 349
2 464 367
4 504 334
3 531 438
2 524 441
4 470 410
3 534 431
4 472 386
2 550 408
1 468 349
1 542 355
3 556 362
4 480 339
3 570 365
4 476 426
4 470 382
4 460 364
1 476 345
3 531 437
4 475 372
3 569 409
1 476 344
2 517 431
1 566 350
3 579 394
4 488 432
3 565 352
1 513 335
4 473 394
2 497 436
1 551 350
4 465 358
4 493 438
3 580 394
1 505 333
1 562 348
3 570 409
3 582 378
4 475 345
1 491 341
4 471 378
3 534 436
2 579 395
4 470 373
2 543 423
2 569 414
2 486 418
2 522 441
4 504 337
1 525 340
4 465 406
2 462 365
2 568 414
3 580 393
2 472 423
3 564 402
2 556 418
2 464 368
3 574 397
2 576 394
4 469 381
3 557 362
3 518 334
2 582 383
1 579 374
2 519 440
1 479 342
4 470 420
4 469 373
4 465 402
3 564 406
3 572 369
4 480 388
3 574 396
2 484 419
1 576 371
4 465 408
2 469 420
4 476 371
4 474 385
4 466 416
2 535 428
4 476 392
3 574 370
1 526 347
2 584 378
1 464 353
1 573 369
4 475 344
4 472 348
3 566 415
1 468 348
3 563 359
2 501 439
4 470 379
1 584 376
3 578 392
2 533 437
4 517 440
1 582 376
4 463 353
2 536 430
2 496 437
2 559 417
4 468 419
4 481 340
1 529 348
4 468 418
1 500 347
3 561 418
4 472 417
4 476 427
2 462 366
4 467 359
3 579 390
4 477 343
2 550 409
3 547 424
3 561 416
1 496 347
1 470 350
4 487 432
1 547 357
4 486 432
1 503 341
2 473 422
4 464 402
1 506 335
3 558 362
3 547 422
3 568 351
3 574 369
3 571 412
1 575 370
4 465 416
3 558 356
3 585 376
2 569 415
4 468 420
1 461 361
1 506 334
1 476 343
4 466 409
4 468 393
4 469 410
4 461 366
1 544 348
2 523 441
3 522 338
4 472 369
1 525 339
3 531 432
2 561 420
1 556 350
4 491 434
1 501 344
3 565 406
3 570 415
4 466 400
2 558 417
2 510 432
1 477 342
1 495 345
2 506 435
2 577 394
1 484 337
2 466 417
1 461 360
2 541 426
2 548 424
1 521 335
2 515 433
4 492 438
1 579 373
3 558 361
3 540 428
1 538 356
1 530 348
2 585 377
2 530 439
3 561 417
3 571 410
2 529 434
1 547 356
2 474 421
3 566 360
1 582 375
3 559 362
4 471 386
1 474 346
3 526 340
1 518 333
1 550 352
4 465 414
2 552 409
3 572 368
3 559 356
3 549 424
2 459 364
4 469 396
3 575 369
3 571 365
2 473 423
1 504 333
3 583 383
2 583 384
2 474 422
2 521 440
2 538 429
3 537 430
3 565 402
3 579 392
2 534 437
4 474 384
2 515 434
1 577 376
1 560 346
2 566 416
1 522 335
3 566 403
4 475 427
1 505 332
1 535 348
1 554 348
3 533 433
1 527 346
2 529 435
4 471 369
4 477 428
2 460 365
2 460 366
4 467 349
4 463 354
1 567 350
3 576 370
1 488 339
4 488 430
4 503 333
3 568 364
3 572 405
2 466 418
2 484 420
3 559 361
1 546 353
1 470 349
1 532 343
2 569 416
2 517 441
4 467 420
3 564 359
1 532 342
3 565 349
3 562 417
1 581 375
2 522 442
2 549 425
1 563 349
3 532 438
2 556 419
3 580 374
1 524 341
2 554 414
1 489 341
2 538 430
4 479 339
4 516 440
2 550 410
2 518 442
1 486 338
4 480 340
4 474 344
4 465 418
1 571 364
3 533 438
2 519 441
1 472 347
3 570 414
4 465 409
4 477 424
4 473 380
2 478 429
1 557 349
4 464 414
1 507 332
2 484 421
3 580 373
2 537 431
1 504 332
1 525 338
2 490 434
1 506 333
3 581 393
4 465 400
3 580 390
3 579 385
4 459 365
4 473 384
1 465 352
1 490 343
4 478 339
2 521 441
4 466 359
4 487 430
4 458 363
3 586 376
1 498 349
1 521 334
2 493 439
4 462 354
4 465 401
2 569 417
3 585 378
3 562 354
4 476 342
3 547 421
4 493 436
4 464 408
3 550 424
2 557 414
1 586 375
1 503 332
3 571 415
3 577 370
1 498 348
3 577 372
2 514 433
1 509 333
4 468 373
3 584 380
2 522 443
3 566 349
4 464 352
1 581 374
2 528 437
4 486 430
4 485 430
4 474 372
4 475 371
3 539 429
4 469 412
4 477 425
1 473 346
3 550 423
4 476 428
3 560 356
4 466 420
4 464 400
1 517 333
1 484 336
3 578 370
1 517 332
2 458 364
4 466 349
4 472 394
4 468 396
3 566 402
1 546 352
2 558 418
2 500 430
2 528 438
4 473 372
1 537 356
4 464 358
1 559 346
4 466 411
1 504 331
2 542 427
2 537 432
1 581 373
4 479 388
4 467 419
3 587 375
4 471 377
4 484 430
4 468 410
2 546 426
3 523 443
2 514 434
1 539 357
2 486 433
2 567 413
1 469 349
3 563 354
4 469 421
2 505 434
3 535 436
1 487 338
3 531 439
2 560 420
3 524 337
2 480 420
4 470 369
2 488 433
2 491 435
4 479 340
3 551 424
2 564 412
2 569 418
4 472 380
4 489 434
1 476 341
2 489 435
4 485 433
4 493 437
3 586 378
3 551 423
3 564 354
1 495 344
1 517 331
1 558 348
1 585 375
1 568 350
1 465 351
4 492 439
1 557 348
3 568 407
4 483 430
4 470 413
1 481 337
4 476 425
3 576 369
1 582 374
1 571 363
4 483 336
2 505 435
3 527 340
4 488 435
3 525 441
3 569 399
4 469 369
1 546 351
1 497 345
4 474 427
1 555 347
4 467 396
1 520 335
1 459 362
4 503 331
2 581 394
2 505 436
3 586 377
1 519 335
1 484 335
1 517 330
4 458 365
4 470 407
2 568 415
4 475 425
1 473 345
1 583 376
4 463 358
3 539 430
2 485 434
1 572 367
4 469 382
1 548 350
2 474 428
2 480 421
3 523 336
4 458 362
4 457 363
3 562 353
2 573 399
2 546 427
3 573 367
1 511 335
2 535 437
1 461 359
2 506 436
3 567 402
1 493 338
3 533 343
1 472 346
2 467 421
3 583 382
2 462 367
2 572 406
2 500 431
2 567 414
2 499 435
1 526 339
4 470 422
3 538 432
2 469 422
1 553 350
2 547 426
1 494 346
4 482 336
4 463 356
2 586 379
1 499 345
2 562 418
4 468 382
3 579 370
1 544 347
1 475 343
4 469 407
2 587 376
4 469 379
1 537 355
3 567 349
2 503 439
2 516 441
2 477 429
1 579 369
1 457 362
1 483 335
1 527 339
4 463 414
1 517 329
1 508 334
1 505 331
4 468 379
4 473 385
4 475 387
3 574 367
3 568 349
4 517 442
2 518 443
3 578 372
3 569 366
3 580 385
3 560 362
1 574 366
3 579 372
4 475 342
4 473 344
1 509 332
1 575 368
1 510 334
2 534 438
2 555 418
3 561 346
3 570 417
3 567 403
2 486 434
1 485 338
1 541 353
2 557 415
1 488 338
1 543 348
1 536 359
3 540 430
2 495 438
3 561 362
1 515 332
1 571 362
2 467 422
1 489 340
3 581 386
3 561 347
4 517 443
4 463 368
2 548 425
3 574 399
1 481 336
1 520 334
3 585 380
2 553 414
2 570 418
1 566 348
4 464 416
2 570 419
1 550 351
2 474 429
1 488 337
3 538 431
4 457 365
4 467 393
2 487 433
3 541 428
2 525 442
4 482 430
2 529 436
1 568 348
4 503 334
1 575 367
3 541 430
1 520 333
1 493 337
2 559 418
4 465 415
2 481 421
2 533 439
1 581 372
2 550 425
3 582 381
3 526 338
3 587 377
3 547 427
4 477 395
4 476 424
1 472 345
2 466 421
2 525 443
1 510 333
4 475 424
4 492 436
2 582 384
3 535 345
2 471 423
4 502 333
2 499 436
4 468 381
4 462 368
1 515 331
2 524 442
3 535 438
2 497 437
3 518 332
1 491 340
2 513 435
2 513 436
2 533 440
1 551 349
1 547 355
1 490 342
3 582 372
3 539 432
2 529 437
3 580 387
4 469 413
4 471 346
4 468 413
4 470 346
4 467 381
1 587 374
2 564 413
2 587 378
1 568 347
4 501 333
3 576 367
4 470 383
4 516 443
1 562 347
4 467 413
2 470 423
4 469 383
2 526 437
3 518 331
2 460 367
4 477 339
3 582 393
4 484 433
1 498 347
1 509 331
3 566 401
2 572 407
4 464 409
1 525 337
1 464 351
2 474 430
3 569 351
2 565 416
4 484 391
1 463 352
1 458 361
3 584 384
3 539 431
1 570 364
3 528 340
2 514 435
2 504 439
4 465 421
4 467 410
1 568 346
3 588 376
1 558 347
4 478 340
2 586 380
2 535 439
4 468 405
2 479 421
2 563 414
1 545 353
3 588 375
3 570 416
1 561 345
1 459 361
4 480 338
2 562 419
4 473 427
3 536 436
4 467 373
3 572 365
2 493 440
3 575 396
3 528 339
3 573 407
4 502 332
1 534 344
1 549 352
3 571 419
1 545 352
3 527 338
2 578 395
4 468 412
3 573 406
4 483 433
3 571 411
1 577 369
4 491 439
1 476 340
3 536 438
1 488 336
2 478 430
2 470 424
3 548 422
1 588 374
3 585 384
1 542 354
3 562 420
4 466 373
1 494 345
4 459 366
2 567 415
1 491 339
3 560 355
2 521 442
2 465 422
3 548 426
2 500 432
2 489 436
2 471 424
2 509 436
2 586 381
3 567 401
2 484 434
4 467 350
2 542 428
1 487 337
2 580 395
1 573 366
3 542 430
3 536 437
3 576 368
3 523 335
2 572 408
3 529 339
1 550 350
2 582 394
2 462 369
1 516 334
3 552 423
1 556 349
3 572 362
4 515 443
2 572 409
3 583 393
1 562 346
3 569 347
3 522 334
3 582 386
2 515 444
2 570 420
4 480 337
1 470 345
3 583 386
3 576 396
3 574 398
2 564 414
3 540 429
1 529 338
3 577 367
4 462 356
4 467 397
4 461 356
4 473 375
4 468 407
4 480 336
2 560 421
4 476 395
2 534 439
2 459 367
4 474 376
1 569 346
1 493 336
2 572 410
3 560 361
4 476 389
4 470 377
1 508 333
4 479 336
1 583 375
2 478 431
2 518 444
1 585 374
4 465 411
3 589 374
2 586 382
1 481 335
1 566 347
4 485 432
1 530 347
4 466 381
1 537 354
3 563 353
2 534 440
4 465 420
3 573 365
4 472 375
4 466 419
1 498 346
4 480 335
2 488 436
3 561 356
2 486 435
4 472 385
4 472 344
3 526 443
2 491 440
2 493 441
4 465 417
1 493 335
4 473 376
4 490 439
4 492 441
4 466 350
4 477 431
4 477 374
4 471 347
2 512 436
3 563 404
4 502 331
1 551 348
4 501 332
2 524 443
4 470 370
1 576 366
2 565 417
4 475 389
3 587 382
4 484 432
4 479 399
4 467 407
1 538 355
1 587 373
2 491 441
4 456 362
4 471 394
3 587 381
1 490 341
4 467 405
2 471 425
4 464 415
3 535 434
4 465 419
4 475 395
1 566 346
3 551 425
1 471 345
2 528 439
4 456 363
3 562 345
4 470 425
1 561 344
1 567 348
1 569 345
4 455 363
4 487 390
2 529 438
2 484 435
3 537 437
4 467 348
3 577 368
2 457 366
1 478 338
4 464 417
3 552 424
2 488 437
1 472 343
1 469 348
1 504 330
4 463 415
1 465 350
3 533 342
3 577 396
2 588 377
2 555 419
2 525 444
2 552 425
4 462 353
2 546 428
2 583 394
4 461 353
1 504 329
1 565 348
3 541 429
1 456 361
2 497 438
1 494 344
2 584 385
2 570 421
4 470 378
1 563 348
2 507 434
2 506 437
1 519 334
2 486 436
4 474 342
4 483 434
3 547 428
1 457 361
4 478 336
2 457 367
4 467 379
2 536 439
1 456 360
1 530 346
3 588 382
4 457 364
1 559 345
2 511 433
1 482 335
3 529 340
2 525 445
3 526 444
1 481 334
4 463 409
2 455 364
4 471 398
1 460 361
1 459 360
1 469 347
2 461 367
3 572 411
3 565 354
2 500 433
3 549 426
1 470 344
1 528 338
1 571 361
4 464 401
1 516 333
4 475 392
3 569 350
2 505 437
2 545 424
2 467 423
1 576 365
2 576 397
4 472 427
1 588 373
1 464 350
1 455 362
4 466 348
2 464 418
4 469 344
1 517 328
2 536 440
3 518 328
3 569 349
2 578 396
1 564 348
4 472 384
1 561 343
1 494 343
3 553 425
4 477 336
2 573 408
4 468 344
2 517 444
1 514 334
3 562 356
4 463 400
1 533 341
3 554 425
4 473 429
2 469 423
4 474 389
1 482 334
1 584 375
3 587 380
3 589 375
2 567 416
2 531 440
4 456 365
4 470 394
1 565 347
3 573 410
2 543 424
4 473 342
2 571 420
4 463 401
3 564 404
3 557 358
3 559 357
2 462 370
3 573 405
1 547 354
4 462 409
4 464 422
4 471 380
1 557 347
3 572 364
3 548 428
3 526 442
2 521 443
4 516 442
3 542 429
1 550 349
4 470 386
3 577 366
3 590 374
3 583 372
4 461 409
1 581 371
1 496 346
1 524 336
1 574 365
3 589 377
3 580 370
3 562 343
4 471 384
3 573 411
3 581 395
3 523 334
1 568 345
1 572 361
1 455 361
1 565 346
4 514 444
3 588 380
4 474 371
4 461 369
1 540 350
1 567 347
4 475 341
1 503 330
4 513 444
1 529 337
2 586 383
3 589 380
2 540 431
4 473 430
2 503 440
2 567 417
1 585 373
4 474 395
1 545 351
2 458 366
4 480 334
4 460 356
1 553 349
3 535 435
1 560 345
4 462 414
4 475 340
3 565 359
1 514 333
2 473 431
1 581 370
1 472 342
4 469 378
1 579 368
4 477 338
2 584 386
2 465 423
2 570 422
2 550 426
3 577 397
3 577 365
2 525 446
3 571 416
4 464 421
4 465 349
1 552 349
3 572 363
4 491 438
4 472 430
2 464 423
2 495 439
3 526 441
4 472 372
1 497 344
4 478 388
2 492 442
3 580 368
4 479 335
1 507 331
2 576 398
2 523 444
2 513 445
2 511 434
1 537 353
1 579 367
3 570 349
2 531 441
4 470 380
1 526 337
2 534 441
2 489 437
3 558 358
4 491 442
1 492 343
1 459 359
1 585 372
4 456 366
1 573 364
1 538 354
1 545 350
4 479 337
4 454 364
4 469 345
2 459 368
1 505 330
1 490 340
4 485 436
4 512 444
2 529 439
3 536 435
4 514 443
4 471 430
1 520 332
2 540 432
4 490 441
4 456 367
4 483 432
4 455 360
1 509 330
1 511 334
4 458 368
1 561 342
2 475 428
3 534 341
2 529 440
4 474 341
1 461 352
1 492 342
1 505 329
4 464 420
4 469 425
2 562 421
1 576 364
4 471 375
4 463 420
1 469 343
3 590 380
4 472 429
1 574 364
2 513 446
2 565 418
1 546 350
4 469 380
2 536 441
4 463 355
4 462 400
4 470 430
3 581 387
3 530 338
4 467 404
1 555 346
1 560 344
1 587 372
4 462 358
4 453 364
3 574 407
1 562 342
2 589 381
1 486 337
4 466 393
3 574 406
3 567 360
4 513 443
2 581 396
3 577 391
4 482 432
1 529 336
3 571 421
3 589 373
2 576 399
4 463 417
3 527 444
4 482 434
3 562 344
1 533 340
3 537 435
1 537 352
3 587 379
4 463 350
1 552 348
4 462 355
4 484 436
3 572 420
1 517 327
4 503 329
2 473 432
3 548 427
1 573 363
1 534 340
4 483 436
3 543 429
2 463 421
3 584 394
4 469 386
1 543 347
2 572 421
3 521 332
3 571 417
3 519 328
4 468 343
4 471 385
3 538 437
3 549 427
3 530 337
3 570 346
4 501 331
3 581 368
3 589 382
3 591 380
4 490 440
3 574 408
1 474 340
3 584 393
3 582 368
1 461 351
4 477 388
3 537 439
3 563 343
4 490 438
3 568 360
3 553 424
4 468 347
2 541 431
4 454 363
4 467 344
1 516 332
4 462 420
4 468 345
4 454 362
2 472 431
2 558 419
4 468 386
2 503 441
4 516 328
4 466 413
2 580 396
3 524 334
4 471 372
3 526 446
2 572 422
3 524 335
1 501 330
2 523 445
2 565 419
2 560 422
1 480 333
1 556 348
2 554 426
4 463 422
3 564 343
1 547 353
4 466 410
1 544 346
4 471 429
2 499 437
1 589 372
2 556 420
2 510 433
4 469 377
2 559 419
2 471 431
3 590 375
3 518 330
4 470 372
1 549 351
4 482 436
3 568 403
1 504 328
1 478 335
4 462 415
4 460 353
1 498 345
4 463 402
4 470 384
3 519 330
1 537 351
3 578 366
2 589 383
3 561 355
3 577 399
2 567 418
3 537 441
4 476 339
4 464 411
2 590 381
3 531 337
4 464 349
1 478 334
1 487 336
1 460 352
1 502 330
3 566 359
1 559 344
4 471 342
1 521 331
3 535 340
2 553 426
4 473 428
2 524 444
2 571 422
4 468 383
2 552 426
2 571 423
2 475 429
1 487 335
3 569 360
4 460 409
4 470 385
1 584 374
2 583 395
1 499 344
4 466 379
1 527 337
2 493 442
1 576 363
4 502 329
3 537 438
1 491 338
3 579 366
4 463 349
1 574 363
4 489 440
4 474 392
3 588 379
2 567 419
4 462 422
4 465 357
1 551 347
4 464 406
2 468 421
3 573 420
4 461 370
4 476 388
4 473 395
2 495 440
3 580 369
1 554 347
2 519 442
3 521 333
2 462 423
4 465 348
2 566 417
1 483 334
4 464 348
1 521 330
4 469 372
2 563 415
2 551 426
2 503 442
3 591 375
3 530 339
3 571 418
3 527 446
2 491 443
3 573 361
3 526 445
4 486 390
4 468 377
4 469 424
3 570 351
3 585 385
4 462 417
1 551 346
4 455 366
1 495 343
1 489 339
2 574 409
4 461 417
1 466 347
3 543 430
4 466 405
3 573 422
1 520 331
1 489 338
2 466 422
3 590 372
3 536 340
1 479 334
1 554 346
4 460 417
1 497 343
4 490 442
4 461 420
1 582 367
2 570 423
3 563 344
4 468 424
2 567 420
3 535 341
2 461 421
2 476 429
3 555 426
3 570 413
1 460 351
4 461 358
4 476 336
3 567 359
2 570 424
4 500 332
3 572 415
3 532 337
4 465 413
1 493 334
3 578 397
3 577 363
3 572 412
4 489 442
1 472 341
2 516 444
2 520 436
1 501 329
2 556 421
3 577 398
4 489 438
3 564 353
2 520 437
2 501 440
3 574 420
3 588 378
4 481 436
4 479 333
4 461 422
1 522 333
3 550 427
1 543 346
1 549 350
1 525 336
2 558 420
3 579 397
1 553 348
3 572 419
2 555 427
2 510 434
4 460 421
4 465 410
3 574 411
2 534 442
1 482 333
4 465 393
3 580 366
2 476 430
2 496 438
2 550 428
2 563 416
1 582 366
3 574 422
2 534 443
2 454 365
4 467 382
3 531 338
2 453 365
1 537 350
1 525 335
1 481 333
1 551 345
3 531 339
3 571 414
1 520 330
3 518 329
1 499 343
4 463 411
4 470 342
4 470 431
4 489 439
2 471 432
4 503 328
4 460 422
2 506 438
2 510 435
2 468 425
4 500 331
3 534 433
4 459 421
1 505 328
4 487 437
2 589 384
1 557 346
2 468 426
4 488 440
2 579 398
3 578 391
2 526 447
3 574 361
1 560 343
4 512 446
2 528 440
2 563 417
1 460 350
3 568 359
3 574 405
2 486 437
2 585 386
2 526 448
3 581 390
2 466 423
1 588 372
3 575 420
2 530 440
2 583 396
4 473 392
4 464 357
2 534 444
2 579 399
3 528 446
2 505 438
4 461 414
4 467 377
1 534 339
1 509 329
3 582 390
2 461 423
1 516 327
3 537 436
4 481 434
1 552 347
1 572 360
4 460 420
1 570 345
1 537 349
3 576 420
1 486 336
1 502 328
2 540 433
2 568 416
2 538 438
4 485 437
1 482 332
2 467 424
2 493 443
4 462 401
4 488 438
1 482 331
3 563 342
1 508 332
2 453 366
3 571 413
2 534 445
1 571 360
1 527 336
3 571 424
4 459 351
4 464 410
1 470 341
3 583 368
4 467 345
2 543 431
4 469 430
4 469 346
2 558 421
4 453 362
1 472 340
4 463 406
3 578 363
3 566 352
4 465 347
2 502 438
3 560 357
1 531 336
1 565 345
1 462 352
2 558 422
1 517 326
4 458 421
2 515 445
3 581 369
3 572 424
2 591 381
1 588 371
4 512 445
2 469 431
3 522 330
1 572 359
3 589 378
1 538 353
2 517 445
1 523 333
3 538 441
2 527 447
1 458 360
3 541 432
1 553 347
2 490 443
2 485 438
4 515 327
3 568 401
3 578 365
2 547 429
1 518 327
1 520 329
1 553 346
2 586 384
4 463 410
3 537 440
2 569 419
1 507 330
2 551 427
4 484 438
1 510 332
4 462 349
3 581 388
2 507 435
2 570 425
2 582 395
1 590 371
4 471 340
4 463 348
4 459 352
1 547 352
2 490 444
2 461 424
2 489 443
4 470 398
1 493 333
4 488 442
4 478 337
3 565 343
4 455 367
3 575 422
2 579 400
4 483 435
4 462 402
4 460 424
1 504 327
3 590 378
1 547 351
1 508 331
4 470 340
1 497 342
2 559 420
2 557 416
3 539 441
4 466 344
2 482 437
2 543 432
3 541 433
1 483 333
1 489 337
3 590 377
4 459 420
1 540 349
3 582 387
2 528 447
1 590 370
1 517 325
2 537 442
4 462 410
4 469 340
2 578 398
3 563 356
2 460 425
4 468 430
1 537 348
4 469 398
2 489 444
1 503 327
4 468 398
1 579 365
4 461 415
3 583 366
4 466 382
2 555 428
2 551 428
3 544 431
1 555 345
3 569 348
4 525 447
1 541 352
4 470 432
1 516 326
1 514 332
4 468 378
4 453 363
2 513 447
4 467 383
2 536 442
1 513 334
4 459 350
4 488 444
1 521 329
4 464 347
2 566 418
4 488 439
2 540 434
2 551 429
2 515 446
4 452 364
2 536 443
1 572 358
2 517 446
2 525 448
4 458 420
1 533 339
3 540 441
2 474 431
1 506 332
4 470 375
1 502 327
2 453 367
4 464 419
3 518 325
1 521 328
3 572 413
2 577 400
3 580 400
1 508 330
2 558 423
3 538 440
4 465 373
4 463 408
3 575 407
3 571 425
1 500 330
3 592 381
2 480 422
2 479 422
2 462 424
1 566 345
1 502 326
4 471 427
1 539 356
4 466 377
3 592 375
2 566 419
2 531 442
2 459 422
1 536 339
3 522 332
3 581 400
4 459 425
3 529 447
4 476 338
1 570 344
3 525 334
3 535 444
1 502 325
4 466 345
2 481 437
3 580 365
2 537 443
3 573 419
1 489 336
2 460 426
2 539 442
2 526 449
1 570 343
3 572 414
3 590 373
2 570 426
1 575 366
1 465 346
4 524 448
4 468 431
3 568 402
4 463 347
2 500 434
2 517 447
1 567 346
3 591 372
4 461 354
1 526 336
1 579 364
4 469 342
2 461 425
2 500 435
1 581 367
3 564 356
1 570 342
1 535 339
4 465 345
3 575 405
2 478 432
1 521 327
3 570 350
3 571 343
3 538 439
1 557 345
1 511 333
3 590 382
1 481 332
4 463 418
3 591 378
1 523 332
1 565 342
3 522 328
4 472 376
4 473 371
2 546 429
2 485 439
2 566 420
4 467 412
1 452 363
2 539 443
3 561 357
3 573 412
1 534 338
2 564 415
2 581 401
2 552 427
3 569 402
1 475 339
3 589 376
3 538 435
3 571 345
2 493 444
2 477 432
4 461 400
1 476 335
4 511 446
1 488 335
2 501 441
1 545 349
2 591 382
2 478 433
3 589 379
3 576 407
1 552 346
2 509 437
3 562 357
4 467 378
4 459 426
4 460 369
4 461 410
3 574 412
3 590 383
2 455 368
2 582 396
1 577 362
1 584 373
3 575 411
4 464 345
2 553 427
1 560 342
4 461 401
1 577 361
1 516 325
2 531 443
3 572 423
4 500 329
4 501 328
3 544 430
3 540 442
1 453 361
2 516 445
3 567 352
2 481 438
1 527 335
3 570 348
2 562 422
1 477 335
1 591 371
3 574 419
2 582 397
3 535 338
4 500 328
3 576 405
3 592 382
3 592 371
1 543 345
3 580 364
4 475 338
1 512 336
2 487 438
2 541 434
3 582 400
2 571 426
3 522 331
1 465 344
2 465 424
1 498 344
4 525 449
4 480 332
4 452 365
2 474 432
2 555 429
4 478 333
4 467 343
3 536 444
2 584 395
3 571 344
2 583 397
1 455 359
3 556 429
3 575 412
4 469 341
4 471 376
3 579 391
4 462 348
2 465 425
1 571 342
2 541 435
1 537 347
2 564 416
1 581 366
3 537 339
3 572 345
1 545 348
1 583 365
4 454 368
2 532 439
4 470 427
4 460 415
2 531 444
2 537 444
1 573 360
2 557 417
3 591 377
3 536 341
3 537 341
1 511 332
3 572 344
1 576 362
1 469 339
3 575 409
4 468 372
1 488 334
4 477 333
2 591 383
1 476 334
2 495 441
4 487 442
3 584 365
3 580 391
1 488 333
3 572 343
2 545 425
3 573 343
2 487 443
2 573 423
1 493 332
1 516 324
4 466 378
2 485 440
1 453 360
4 463 416
1 515 326
1 498 343
4 464 346
4 468 342
4 474 338
2 511 447
1 506 331
3 570 402
1 455 358
4 499 328
2 483 437
4 462 408
4 469 394
4 462 418
1 590 369
3 578 361
2 527 448
2 543 433
4 460 400
3 565 404
2 539 444
4 462 416
1 462 347
2 564 417
2 573 424
3 538 341
2 457 368
1 484 334
4 473 389
4 452 362
2 575 423
1 584 364
1 510 331
4 467 430
3 571 351
3 571 349
1 465 343
4 510 447
2 477 433
1 461 350
1 481 331
2 541 436
2 478 434
3 542 435
4 453 368
3 528 448
1 540 348
4 472 428
3 517 324
3 575 408
1 560 341
2 576 421
1 536 338
4 451 363
4 465 405
1 542 353
3 590 384
2 528 449
1 480 331
4 452 360
1 468 341
4 480 436
1 532 336
2 539 445
2 514 445
2 583 398
3 585 394
2 558 424
4 467 398
2 531 445
4 458 351
4 498 328
3 576 412
3 591 370
3 576 422
2 563 418
1 526 335
1 544 345
3 539 440
4 469 385
1 536 337
3 583 367
4 483 391
4 469 427
4 468 380
3 572 351
1 553 345
2 509 438
1 581 365
1 544 344
1 581 364
2 569 420
3 565 356
4 463 345
1 567 345
1 495 342
1 579 363
4 470 429
4 511 445
4 523 448
1 499 327
2 544 432
4 466 403
1 452 359
2 539 446
4 469 432
2 462 425
4 469 429
4 452 367
2 456 368
1 479 332
3 566 404
4 452 368
2 539 447
4 466 430
2 546 430
1 486 335
1 519 327
3 572 416
4 515 324
1 459 349
3 571 346
2 518 445
3 573 413
2 465 426
3 585 365
3 537 337
4 460 414
1 494 342
1 581 363
3 573 344
1 570 341
2 587 383
2 455 369
4 465 378
2 485 441
2 526 450
4 454 369
2 557 418
1 570 340
4 467 380
3 545 431
1 554 345
1 507 329
4 485 390
1 454 361
1 479 331
3 581 391
3 584 368
2 457 369
3 565 353
4 480 438
1 574 360
1 546 349
1 587 371
4 472 392
2 588 383
1 478 332
1 499 326
2 588 384
2 578 399
1 583 364
3 539 439
2 512 447
1 458 350
1 517 323
2 532 440
2 480 439
3 523 328
3 522 327
3 577 421
1 472 339
1 481 330
3 573 345
3 539 437
3 537 338
2 488 445
2 462 426
4 468 394
3 577 407
3 585 393
3 575 360
3 577 405
3 547 430
3 582 388
1 553 344
1 537 336
4 464 344
4 461 348
3 519 325
1 526 334
4 464 413
4 477 332
1 506 330
4 467 394
2 521 444
1 523 327
4 463 419
2 561 421
1 588 370
2 559 421
1 451 362
2 541 437
1 568 344
3 570 347
2 510 448
1 551 344
4 466 396
1 536 336
4 487 445
3 574 424
2 474 433
4 458 352
3 592 377
1 549 349
2 544 433
3 575 419
1 464 343
2 453 369
3 573 351
3 583 400
4 462 411
3 573 359
4 497 328
4 467 386
3 584 367
2 552 428
1 459 348
2 572 425
1 557 344
2 457 370
3 576 423
2 469 433
3 522 329
1 493 331
4 509 447
3 563 357
4 467 342
1 514 331
4 465 377
1 555 344
4 468 385
4 457 350
1 553 343
1 575 359
2 522 444
4 451 365
4 467 385
3 574 343
4 451 364
4 524 449
2 485 442
3 529 448
4 475 336
1 487 334
4 501 325
1 590 368
1 582 365
2 582 401
3 573 425
1 557 343
2 525 450
4 466 342
1 475 335
3 584 396
3 585 364
2 551 430
2 488 446
4 472 395
2 506 439
2 512 448
4 463 343
3 538 339
3 586 364
2 546 431
3 542 434
1 541 351
1 552 345
1 584 363
2 564 418
1 528 337
3 592 370
4 498 327
3 557 429
1 567 344
3 576 419
1 517 322
3 583 390
3 575 424
2 571 427
2 469 434
4 461 355
1 519 324
2 516 446
3 575 343
2 535 445
2 498 432
3 578 407
4 466 407
3 576 424
2 466 431
3 586 385
1 592 369
3 573 416
2 544 434
2 572 426
2 503 443
4 459 356
1 487 333
2 538 442
2 535 446
2 469 435
4 459 414
1 552 344
4 466 385
4 466 383
3 545 434
2 500 436
2 495 442
2 487 446
2 528 450
3 566 353
1 506 329
1 466 341
2 585 395
2 517 448
3 573 426
2 524 450
1 480 330
3 538 338
4 487 444
4 475 388
1 471 339
3 567 404
4 476 374
1 537 335
2 509 448
4 461 347
3 584 398
4 469 384
3 524 333
3 586 386
1 479 330
2 555 430
1 488 332
1 454 360
2 513 448
1 455 357
3 584 397
3 558 429
4 465 431
3 571 341
3 585 363
3 572 427
4 456 350
1 511 331
4 476 332
4 484 441
1 471 338
2 570 427
2 580 401
1 502 324
4 461 408
3 580 399
2 558 430
3 577 424
1 569 344
2 592 383
3 587 364
2 572 428
1 533 338
4 466 380
2 533 441
4 508 447
1 586 363
1 521 326
2 494 439
2 465 432
2 530 441
4 465 381
1 502 323
4 458 349
3 585 397
4 465 383
1 496 345
2 499 438
4 500 325
1 468 340
4 462 406
2 510 449
3 593 371
4 452 361
4 465 379
3 593 369
2 542 436
2 538 443
4 464 379
1 459 347
3 581 389
2 464 424
1 491 337
2 542 437
4 497 327
3 574 345
2 460 427
3 593 377
3 539 438
3 539 339
1 555 343
1 562 341
2 465 433
3 547 431
3 586 397
1 495 341
4 466 404
4 451 359
4 479 436
4 450 365
2 484 442
3 584 400
4 452 366
3 540 440
3 546 434
2 480 440
4 465 403
4 461 416
1 473 341
1 512 335
3 574 351
3 541 442
2 470 433
2 576 425
1 568 343
2 572 429
4 463 344
1 491 336
3 568 404
2 478 435
1 455 356
1 576 361
1 547 350
4 479 440
4 470 376
1 561 341
3 529 450
4 461 402
2 459 427
4 458 347
1 483 332
1 539 338
1 576 360
1 469 338
2 546 435
3 578 424
1 465 342
3 581 399
1 533 337
4 508 448
2 549 428
2 508 449
3 540 438
4 457 351
3 590 376
1 476 331
2 470 434
1 475 334
2 463 423
2 588 385
2 480 441
4 480 437
1 452 358
2 491 444
2 484 443
1 455 355
3 594 369
2 559 422
4 464 381
3 518 323
1 546 348
2 536 445
2 509 449
2 556 430
2 455 370
2 570 428
2 461 426
3 579 424
3 587 386
4 451 366
3 578 421
4 479 439
3 593 381
3 566 354
1 475 333
1 450 364
1 454 359
3 569 404
4 467 340
4 450 363
1 551 343
3 575 406
2 534 446
1 460 349
2 548 429
2 502 439
1 571 340
3 574 416
3 593 383
2 545 435
2 540 443
1 564 342
1 571 339
4 460 410
1 568 342
2 547 432
3 571 402
2 461 427
2 483 438
2 572 430
3 574 344
4 461 406
2 538 444
2 480 442
2 586 398
3 570 404
4 457 349
4 478 399
4 459 353
1 542 352
4 501 323
1 526 333
1 516 323
3 572 346
3 543 437
2 593 384
1 545 347
1 552 343
1 531 335
3 589 385
1 456 349
2 499 439
1 467 339
2 512 449
3 588 364
1 572 342
1 578 360
1 571 338
2 541 443
2 560 423
4 507 448
4 478 436
4 464 377
2 546 436
2 579 425
4 523 450
2 488 447
3 577 422
4 507 449
3 520 324
4 500 323
2 482 438
1 519 323
2 468 432
3 575 344
2 482 439
1 498 326
1 475 332
4 458 422
4 460 354
2 504 440
3 582 389
3 573 415
1 562 340
2 530 442
3 573 427
2 461 428
2 591 384
3 593 382
4 461 418
2 519 443
4 469 376
3 575 351
1 491 335
2 571 428
1 467 338
4 468 384
2 516 447
4 479 441
1 537 334
1 452 357
2 455 371
2 452 369
2 509 450
3 571 350
2 567 421
1 537 333
1 580 363
1 552 342
4 458 425
1 525 333
1 479 329
4 449 364
2 582 402
4 466 338
3 574 410
4 457 352
3 547 434
2 492 443
1 469 337
1 487 332
1 567 343
4 451 368
3 538 337
3 584 390
2 567 422
2 556 431
2 581 402
3 573 430
2 490 445
2 593 385
3 568 352
4 466 340
3 576 408
4 451 369
1 511 330
2 541 444
1 461 346
1 489 335
2 543 438
2 584 401
3 577 412
3 586 393
3 576 351
4 472 389
4 465 404
1 551 342
1 487 331
3 582 391
2 588 386
4 499 325
4 468 376
1 504 326
2 555 431
2 585 398
4 498 325
1 588 363
2 516 448
2 567 423
3 593 375
3 566 356
2 572 431
2 494 440
4 499 323
3 575 410
4 458 353
4 483 443
3 530 450
2 542 438
4 474 333
2 474 434
3 571 404
4 463 381
4 479 442
3 583 389
3 573 346
1 594 368
1 503 326
3 578 412
2 576 426
4 449 363
4 462 343
2 594 370
2 550 429
2 579 426
2 549 429
2 502 440
4 460 406
4 463 413
1 496 344
4 460 402
3 579 421
4 486 444
1 526 332
4 506 449
1 554 344
1 484 333
4 471 389
2 527 449
1 586 362
4 474 335
2 488 448
1 528 336
3 569 352
4 450 366
1 505 327
3 548 432
2 543 439
3 541 441
2 574 425
3 572 341
1 499 322
2 565 420
2 580 402
2 511 448
4 449 366
1 587 363
2 510 450
3 572 417
4 465 382
4 457 347
3 575 416
4 457 421
2 477 434
3 538 334
3 538 335
2 536 446
4 458 426
3 522 326
3 574 346
4 497 326
2 588 387
3 585 367
3 523 329
1 478 331
3 592 372
4 471 392
1 502 322
1 559 343
1 535 337
2 560 424
2 449 367
4 456 347
1 505 326
1 585 362
3 576 344
3 594 384
4 451 360
4 455 349
1 465 341
1 586 361
3 540 445
1 538 333
1 470 339
4 478 330
4 479 437
3 544 438
1 574 342
2 512 450
3 576 359
3 531 450
1 540 347
4 470 392
2 496 439
4 466 339
3 595 370
2 541 445
1 563 341
2 523 451
4 484 390
4 483 390
3 586 367
3 523 330
1 577 360
2 526 451
3 539 333
1 584 362
3 587 367
2 563 419
4 457 422
1 480 329
3 544 439
1 538 332
1 585 361
4 473 335
2 513 449
2 463 424
2 572 432
4 454 370
2 566 421
2 477 435
1 487 330
3 573 429
3 575 346
1 556 347
2 474 435
1 534 337
3 594 371
4 475 331
3 592 378
1 560 340
2 481 439
1 581 362
1 579 362
4 460 416
3 567 354
2 594 385
1 473 334
2 543 440
2 461 429
2 550 430
3 539 332
3 589 387
4 458 414
2 560 425
3 576 343
3 580 392
2 569 421
1 492 341
3 547 435
3 542 441
2 458 427
1 561 340
2 509 451
1 484 332
4 478 439
3 585 396
1 468 339
4 498 322
2 545 436
3 532 450
4 496 327
2 525 451
4 482 390
2 464 425
1 550 348
3 576 416
1 544 343
3 596 370
2 580 403
1 531 334
4 482 443
3 575 345
2 545 437
3 568 354
4 474 388
4 474 332
4 479 438
4 496 326
1 484 331
1 503 325
3 591 374
2 506 450
1 499 321
4 466 397
3 574 415
1 588 362
4 448 367
3 595 371
3 589 362
4 474 331
4 457 414
4 466 412
1 499 320
3 578 422
1 583 363
1 493 330
1 550 347
4 450 362
2 504 441
1 505 325
2 540 446
1 456 346
2 473 433
1 462 342
3 595 384
3 543 441
4 495 326
3 578 405
4 471 395
3 542 444
4 448 364
3 583 391
3 524 330
3 584 391
3 543 444
1 551 341
3 533 450
1 551 340
3 541 446
4 498 321
4 468 435
1 493 329
1 501 322
2 559 423
1 507 328
2 482 444
1 523 326
1 497 325
4 454 355
1 550 346
2 565 421
4 468 434
2 466 432
2 453 370
3 577 359
4 464 373
4 505 450
1 508 329
3 539 334
4 462 381
3 573 358
2 462 427
2 464 426
1 465 340
1 579 361
2 541 447
1 476 330
3 577 419
2 595 385
3 534 450
2 584 402
2 458 428
4 466 386
4 478 438
2 556 432
1 490 339
3 564 357
2 575 425
1 536 335
3 573 428
2 477 436
4 467 434
1 546 347
1 571 337
4 448 363
1 519 322
4 454 371
1 568 341
4 462 419
4 462 344
1 493 328
2 470 435
2 550 431
3 576 409
3 595 369
1 522 325
3 578 359
1 480 328
2 510 451
2 592 384
4 472 335
2 454 372
4 465 338
1 492 340
4 464 340
3 595 368
1 515 323
2 489 445
2 562 423
4 461 343
4 460 423
1 489 334
4 451 361
4 477 399
4 460 429
2 574 426
2 595 386
4 453 372
3 576 345
3 542 443
4 457 426
1 575 342
3 544 441
1 481 329
3 520 323
1 530 336
3 545 441
3 593 378
4 476 436
2 564 419
2 546 437
2 577 425
2 519 444
3 577 409
1 586 360
2 577 426
3 544 440
4 459 402
4 469 392
3 587 397
3 574 413
3 580 424
2 568 417
1 525 332
1 511 329
2 526 452
2 581 403
1 490 338
3 577 408
1 503 324
2 490 446
2 504 442
2 528 451
2 544 442
3 542 445
1 486 334
4 470 389
4 465 380
3 581 424
1 502 321
1 467 337
4 464 383
2 514 446
4 452 370
3 576 346
4 477 439
2 517 449
3 589 363
1 531 333
3 573 432
3 594 375
2 519 445
4 464 382
2 511 449
3 524 326
2 589 388
1 455 348
4 508 451
3 562 355
2 463 425
4 479 328
4 473 331
4 459 410
2 459 428
4 461 411
1 527 334
3 580 425
3 547 436
1 453 359
1 490 337
2 596 371
1 467 336
1 544 342
3 571 347
1 551 339
3 596 386
3 543 445
3 573 414
1 514 330
3 585 401
3 593 372
2 526 453
4 464 338
2 525 452
4 450 361
4 453 355
3 588 367
1 552 341
4 478 329
4 464 431
3 576 411
3 527 452
4 481 443
3 594 381
1 538 331
4 463 340
1 550 345
1 454 354
2 504 443
2 560 426
4 498 323
3 597 386
4 524 452
2 501 442
3 592 380
3 523 325
3 586 396
3 547 437
2 518 446
3 594 377
4 477 438
3 574 430
4 452 372
3 581 425
1 474 330
4 481 390
3 530 448
2 557 430
3 542 447
4 463 382
3 578 409
1 507 327
3 577 344
2 524 453
3 529 451
4 449 362
2 495 443
3 587 396
2 578 425
3 538 336
1 484 330
2 571 429
3 520 322
2 452 373
1 485 337
4 459 417
2 500 437
1 597 385
4 462 345
4 465 386
1 479 327
1 574 341
2 528 452
4 464 432
4 465 339
1 542 351
1 449 361
3 573 417
1 512 334
2 597 387
2 481 444
1 544 341
4 464 386
3 530 451
2 566 422
2 573 433
1 471 337
2 553 428
2 495 444
3 567 353
1 456 345
1 541 350
3 585 402
3 578 408
1 475 330
2 462 428
2 576 427
4 453 354
3 548 437
4 497 322
4 473 330
3 577 345
3 578 344
3 590 363
4 463 379
3 568 353
3 574 414
4 496 325
1 532 335
3 596 384
3 594 372
3 587 393
4 455 345
3 573 431
2 502 441
3 586 395
4 504 450
3 594 382
2 460 430
1 498 320
1 592 368
1 499 319
4 474 387
1 546 346
3 579 344
2 587 398
2 466 433
4 459 416
2 534 451
4 448 362
4 456 422
4 469 389
4 456 352
3 585 390
4 505 449
3 525 330
4 480 444
3 596 368
1 509 328
1 497 321
3 584 366
4 452 354
4 465 412
1 555 342
2 460 431
3 542 446
2 560 427
4 465 397
1 553 342
2 486 445
3 577 343
2 449 368
3 500 320
3 535 451
2 547 438
2 582 403
4 451 354
1 449 360
3 595 375
2 489 446
1 477 331
2 476 437
4 459 429
2 479 443
3 543 446
4 495 325
4 455 422
4 464 380
4 476 439
1 489 333
3 582 424
2 452 374
1 505 324
2 515 447
4 459 400
4 503 450
3 585 391
3 586 401
1 580 362
2 495 445
2 586 402
1 553 341
3 575 430
3 595 377
4 451 358
3 525 326
4 496 322
1 580 361
3 586 391
2 463 426
3 576 430
2 518 447
3 574 431
1 597 384
3 596 377
4 452 355
2 488 449
2 487 447
4 486 446
3 583 403
3 577 423
3 540 334
4 463 380
1 514 329
2 589 389
2 523 452
3 575 413
1 573 342
3 521 323
1 553 340
4 459 431
1 574 340
2 562 424
3 531 448
2 523 453
2 533 451
1 480 327
4 465 396
4 456 351
4 454 422
2 544 443
1 555 341
2 525 453
4 464 396
1 497 320
2 476 440
1 492 339
4 459 423
3 579 422
2 455 423
3 580 422
2 582 425
2 564 420
3 590 379
4 448 360
2 537 445
2 515 448
3 591 379
2 503 451
3 574 358
2 573 434
4 466 398
2 468 436
2 581 426
1 571 336
1 546 345
1 477 330
2 518 448
1 580 360
3 578 419
4 458 416
1 524 325
4 450 354
4 478 441
4 457 416
2 485 443
2 480 445
4 462 382
3 586 365
1 586 359
4 460 411
3 574 429
1 457 346
3 572 339
4 458 410
4 461 344
4 467 435
3 578 423
2 595 387
1 521 322
4 472 331
2 590 385
4 458 429
1 584 361
4 466 337
3 574 434
3 586 394
4 451 372
2 575 431
4 457 427
1 510 330
2 453 373
3 543 447
3 595 382
1 562 339
1 523 324
1 498 319
2 584 403
2 507 450
3 590 389
4 448 366
4 450 358
4 464 412
1 592 367
2 564 421
1 583 362
4 451 357
2 514 447
3 563 355
2 482 445
1 576 342
1 474 329
1 518 322
2 560 428
2 552 429
2 526 454
4 454 423
3 522 323
1 577 342
1 575 341
3 575 414
3 532 448
3 583 424
3 574 432
2 498 433
3 578 345
1 566 344
3 585 403
2 562 425
3 576 341
1 513 333
3 545 439
4 456 416
4 477 441
3 586 403
4 447 362
3 583 425
4 466 435
1 530 335
2 462 429
1 556 346
2 589 390
3 577 427
1 504 325
1 473 329
4 465 407
3 544 445
1 525 325
4 450 369
3 587 403
2 465 434
3 592 379
4 447 366
3 588 397
1 461 342
2 573 435
3 582 399
3 501 320
1 494 341
3 585 366
2 450 370
1 495 324
4 468 392
4 454 348
4 502 450
1 586 358
2 513 450
1 592 366
2 593 386
1 562 338
4 502 451
3 572 404
2 531 451
3 569 353
4 448 368
3 576 413
1 574 339
3 598 387
3 526 326
1 554 343
3 527 453
4 455 416
2 451 373
2 466 436
3 546 441
4 460 342
2 541 448
1 453 353
4 464 397
1 499 318
4 462 340
3 587 359
2 493 445
1 574 338
2 519 446
3 579 423
2 527 454
3 590 388
3 574 417
3 567 356
2 502 452
3 580 344
3 576 414
1 578 343
2 463 427
2 463 428
1 580 343
3 545 443
4 455 351
3 587 391
3 570 353
3 575 434
1 499 317
3 595 372
1 466 336
3 579 409
2 525 454
2 580 426
2 537 446
2 572 433
4 494 324
4 486 447
2 588 398
1 525 324
4 450 359
2 516 449
3 577 411
3 575 338
4 450 372
2 588 399
4 463 386
2 492 444
4 446 362
2 506 451
1 468 338
4 494 325
2 590 390
1 571 335
1 585 360
3 522 322
2 595 388
1 453 352
1 593 368
1 548 349
3 579 407
3 524 329
4 451 355
1 463 339
4 470 395
2 549 430
2 505 451
4 463 397
4 460 343
1 483 331
4 473 388
4 462 413
2 589 391
4 473 333
3 536 451
4 501 451
1 575 337
3 574 435
1 465 337
3 526 330
1 572 338
2 470 436
2 493 446
1 465 336
1 536 334
2 578 426
4 497 323
1 545 346
3 571 348
3 580 421
3 589 364
1 493 327
4 479 445
1 528 335
2 574 436
4 464 393
1 518 321
3 581 344
1 474 328
3 577 351
2 577 428
2 481 445
4 496 323
1 541 349
3 524 328
3 582 344
3 589 399
3 544 446
2 479 446
1 507 326
4 467 392
4 480 390
2 488 450
4 479 444
2 543 448
2 524 454
3 529 449
1 500 319
2 511 450
4 466 392
4 469 375
3 575 436
1 573 341
2 489 447
4 467 384
3 599 387
3 577 420
4 522 453
1 450 353
1 503 323
3 525 329
3 576 436
4 478 445
1 590 362
4 463 432
2 546 442
3 593 366
4 523 454
1 494 323
3 587 402
2 573 436
4 476 441
3 577 341
3 587 360
2 446 363
3 576 434
2 527 455
1 483 330
1 547 349
4 494 326
4 455 350
4 473 328
4 455 347
4 450 373
1 476 329
1 466 335
3 572 335
3 523 323
4 458 400
1 520 321
1 490 336
1 478 328
4 448 361
1 503 322
1 552 340
1 515 322
4 457 425
1 530 334
3 544 444
1 448 359
4 461 340
4 449 353
4 464 403
4 463 403
1 455 344
3 587 358
2 515 449
3 588 403
1 487 329
2 451 374
2 500 438
1 593 365
4 453 348
1 536 333
3 576 406
3 526 324
1 530 333
4 472 333
2 594 386
4 461 382
3 525 328
4 447 360
4 457 400
1 465 335
1 541 348
4 457 429
2 584 404
3 596 388
2 454 424
1 585 359
2 593 387
4 465 436
1 598 386
2 482 446
3 535 450
2 504 451
2 594 387
1 557 342
4 464 434
4 459 430
3 594 365
3 578 341
2 457 430
3 540 333
1 495 323
4 461 413
2 497 439
2 479 447
4 459 342
1 525 323
3 581 421
2 484 444
2 563 420
4 457 410
2 515 450
3 578 351
4 463 412
4 493 324
1 512 333
1 499 316
4 472 330
2 470 437
4 454 347
1 544 340
2 487 448
1 570 339
4 462 386
1 550 344
3 594 378
3 590 364
2 550 432
3 523 322
4 522 454
2 592 385
1 568 340
2 453 374
4 449 358
4 472 388
3 528 453
3 580 407
2 596 389
3 572 349
1 465 334
2 572 434
4 464 334
2 489 448
4 447 367
3 573 335
3 592 374
1 459 341
4 463 338
1 502 320
1 474 327
1 569 343
1 545 345
2 481 446
1 488 331
2 507 451
1 473 327
1 573 334
3 593 379
3 521 321
3 581 422
3 594 383
1 591 369
2 569 422
3 549 437
3 579 408
2 476 442
1 497 319
4 500 451
1 515 321
4 463 334
2 480 446
1 473 326
3 591 390
2 526 455
4 454 351
1 460 341
3 544 447
2 520 438
4 448 358
2 495 446
2 508 452
1 469 336
1 489 332
1 574 337
1 575 336
1 496 321
4 447 364
1 544 339
3 579 419
2 585 404
4 478 446
4 448 353
4 454 345
1 477 329
3 597 368
1 527 333
1 586 357
4 456 427
4 499 451
4 446 360
1 532 334
4 464 405
3 564 355
4 478 443
1 557 341
2 448 369
4 492 324
1 591 368
1 554 342
3 571 353
4 453 371
4 460 418
1 491 334
4 453 423
2 511 451
1 590 361
1 482 330
3 582 422
3 600 387
4 459 409
1 583 361
4 458 417
3 591 376
3 540 332
2 450 374
4 447 358
2 539 448
2 455 424
4 501 452
1 568 339
3 577 416
4 463 434
1 587 357
4 456 414
1 581 343
3 598 384
4 491 324
2 506 452
1 525 322
4 450 355
4 455 346
4 449 355
1 518 320
4 464 337
1 535 336
3 545 440
4 463 383
4 472 326
2 492 445
1 470 338
4 496 319
2 517 450
1 447 357
1 481 328
2 564 422
2 523 455
2 476 443
3 586 404
2 531 452
2 506 453
4 454 344
2 587 404
4 482 391
2 559 424
3 537 451
4 495 322
4 469 395
1 581 342
1 480 326
1 537 332
3 519 320
2 572 435
4 446 367
4 452 352
4 462 338
4 475 442
1 511 328
1 513 332
4 463 337
2 573 437
1 556 345
1 528 334
2 496 440
4 461 419
3 565 355
2 471 433
3 596 369
4 476 399
3 580 423
